1,489,141,051,103
1,240,211,054,109
1,636,221,057,114
2,486,143,052,105
2,245,209,054,108
2,626,220,058,116
3,485,144,052,105
3,251,207,055,111
3,616,223,057,114
4,267,207,053,106
4,602,221,058,116
4,483,146,051,102
5,479,144,052,104
5,272,206,053,107
5,595,221,058,117
6,475,146,052,104
6,276,206,052,105
6,584,224,057,114
7,473,147,052,105
7,280,207,053,107
7,575,227,054,109
8,468,147,052,105
8,285,206,053,107
8,567,224,056,113
9,465,147,053,106
9,291,202,053,106
9,560,222,057,115
10,462,149,052,105
10,296,200,053,106
10,552,221,058,117
11,455,151,054,108
11,302,193,056,112
11,532,224,056,112
12,453,152,053,107
12,309,194,055,111
12,526,226,054,109
13,449,154,052,104
13,315,193,054,109
13,517,224,056,113
14,436,148,056,112
14,325,191,053,106
14,497,223,055,110
14,720,298,048,117
15,428,140,062,124
15,326,190,054,108
15,492,222,055,111
15,715,291,053,123
16,424,144,060,120
16,330,187,055,111
16,483,222,055,111
16,711,283,057,125
17,422,148,057,114
17,334,185,055,111
17,475,219,057,115
17,709,277,059,126
18,419,157,052,105
18,342,183,054,109
18,456,219,056,113
19,343,179,055,111
19,449,216,057,114
20,344,178,056,112
20,443,217,056,112
20,720,269,048,123
20,689,269,064,129
20,679,197,089,208
21,350,178,055,111
21,429,215,057,114
21,675,267,060,120
22,353,177,055,110
22,422,217,054,109
22,671,265,061,122
23,355,175,056,113
23,668,267,059,118
24,357,175,054,108
24,407,208,057,114
24,657,261,060,120
24,670,205,090,181
25,360,175,054,109
25,401,206,057,115
25,654,257,060,121
25,664,201,090,180
26,363,170,055,111
26,397,207,056,112
26,683,255,056,113
27,363,167,058,116
27,644,249,063,126
27,678,255,056,113
28,363,168,058,117
28,391,207,055,110
28,675,255,056,113
29,366,166,057,114
29,627,241,064,128
30,366,166,056,113
30,621,242,062,124
31,367,166,055,111
31,617,242,061,123
31,655,242,056,112
32,367,165,056,113
32,610,242,060,120
33,368,164,056,113
33,606,242,059,118
34,368,165,056,112
34,601,237,060,120
35,369,165,055,111
35,598,235,059,119
35,622,233,059,118
36,367,164,055,111
36,619,234,059,119
37,369,164,055,111
37,609,229,060,120
38,371,161,057,114
38,606,229,057,115
38,581,227,060,121
39,375,162,056,113
39,602,224,057,114
39,575,230,057,115
40,417,172,056,112
40,363,160,055,111
40,564,228,056,112
40,593,221,059,119
41,365,158,057,114
41,421,169,056,113
41,561,228,056,112
41,582,213,064,129
42,423,170,054,108
42,368,156,059,119
42,578,212,063,126
42,555,225,056,112
43,370,156,059,118
43,424,167,054,108
43,576,214,058,117
43,552,218,058,116
43,724,288,044,121
44,366,158,056,113
44,426,167,054,109
44,541,216,058,116
44,573,218,054,109
44,710,272,058,125
45,366,159,055,111
45,429,167,053,107
45,569,217,056,112
45,536,218,056,113
45,702,266,065,131
46,365,160,055,110
46,429,159,055,111
46,566,212,057,115
46,531,214,058,117
46,698,265,064,128
47,429,157,055,111
47,363,162,054,109
47,525,212,057,114
47,563,212,055,110
47,691,263,064,128
48,427,155,056,113
48,361,164,052,105
48,557,208,055,111
48,512,211,056,112
48,675,226,083,166
49,425,152,056,112
49,361,165,052,105
49,553,208,056,113
49,508,211,056,112
49,672,238,075,151
50,422,148,056,112
50,360,165,052,104
50,549,205,057,114
50,504,211,056,112
50,664,225,082,165
51,419,142,057,115
51,359,166,052,105
51,538,201,056,112
51,496,208,055,111
51,661,247,067,135
52,359,165,053,106
52,535,200,055,110
52,493,206,054,108
52,653,249,064,129
53,360,165,053,106
53,650,248,061,123
53,532,204,053,106
53,491,203,055,110
54,359,164,054,108
54,528,202,054,108
54,486,202,056,112
54,644,245,061,122
55,362,161,055,110
55,521,201,053,107
55,479,199,057,114
55,635,242,062,125
56,361,163,054,108
56,474,197,057,114
56,518,199,053,106
56,630,241,061,122
57,361,156,058,116
57,469,196,057,114
57,514,197,052,104
57,625,238,061,123
58,367,155,059,119
58,509,196,053,107
58,466,198,055,111
58,615,228,065,131
59,366,155,059,118
59,505,195,053,107
59,463,198,055,111
59,611,227,065,130
60,364,154,059,119
60,500,194,052,105
60,461,197,055,110
60,609,227,064,128
61,369,156,060,120
61,492,190,053,106
61,458,193,054,108
61,603,228,061,123
62,368,155,061,123
62,456,190,054,108
62,487,191,052,104
62,599,222,062,125
63,337,150,051,102
63,369,157,060,120
63,455,189,054,108
63,485,191,052,105
63,595,219,064,128
64,331,148,052,105
64,373,156,061,122
64,453,190,053,107
64,484,191,053,106
64,593,221,061,122
65,319,149,050,100
65,365,162,056,113
65,447,181,057,115
65,590,216,060,121
66,314,149,051,102
66,362,163,056,112
66,443,182,056,112
66,589,212,061,122
67,309,147,052,104
67,361,165,054,108
67,441,185,053,107
67,476,180,053,106
67,586,209,061,123
68,362,164,056,112
68,474,179,054,108
68,438,185,053,106
68,583,206,062,125
69,360,165,054,109
69,436,183,053,107
69,469,178,052,105
69,579,206,060,121
70,284,140,055,110
70,361,165,055,111
70,433,179,055,110
70,468,178,052,105
70,576,204,060,121
71,280,144,054,108
71,362,163,056,112
71,432,179,054,108
71,467,176,052,105
71,573,200,060,120
72,361,165,053,107
72,432,176,054,109
72,572,199,059,118
72,468,174,051,103
73,359,165,054,108
73,430,173,054,109
73,467,174,052,104
73,568,197,059,119
74,262,148,052,104
74,362,164,055,111
74,431,174,053,107
74,566,196,059,118
75,257,149,052,104
75,360,166,053,106
75,467,170,052,104
75,429,171,053,107
75,565,192,059,119
76,251,152,051,103
76,359,167,052,105
76,427,169,052,105
76,466,166,052,105
76,563,187,058,117
77,249,152,052,104
77,361,166,053,107
77,427,168,052,105
77,466,167,052,105
77,562,186,058,117
78,247,153,052,104
78,360,166,053,107
78,427,168,052,104
78,465,165,053,106
78,562,187,057,114
79,245,154,052,104
79,429,165,052,105
79,460,161,054,108
79,360,166,053,106
79,560,185,055,111
80,245,154,052,104
80,430,153,057,114
80,459,157,054,109
80,361,166,053,106
80,557,181,056,112
81,246,156,051,103
81,460,156,053,107
81,361,163,056,113
81,556,180,056,112
82,460,156,053,107
82,363,161,057,115
82,556,180,055,110
82,247,158,051,102
83,251,159,051,103
83,463,155,053,107
83,367,146,066,133
83,553,178,054,108
84,253,160,051,103
84,367,150,064,129
84,554,176,053,107
84,467,157,051,103
85,467,151,053,107
85,253,160,052,104
85,365,147,066,132
85,552,173,054,108
86,259,159,053,107
86,365,159,057,115
86,552,171,054,108
87,261,160,054,108
87,364,161,056,113
87,553,171,053,107
88,266,162,053,107
88,363,161,057,115
88,553,170,052,104
89,272,165,052,104
89,364,163,055,111
89,555,165,052,105
90,476,145,051,103
90,275,166,053,106
90,555,164,052,105
90,365,160,058,116
91,475,144,052,105
91,279,167,053,106
91,367,160,057,115
92,473,135,056,112
92,282,172,052,104
92,366,158,058,117
92,559,162,051,103
93,483,140,052,105
93,369,157,058,116
93,460,139,052,105
93,562,158,051,103
93,288,169,054,108
94,370,159,057,114
94,459,141,051,102
94,563,156,052,104
94,292,168,055,110
95,370,159,057,114
95,461,139,051,102
95,564,156,052,104
95,297,171,054,109
96,463,138,051,103
96,372,160,055,110
96,566,154,051,102
96,301,171,054,109
97,471,132,053,106
97,371,160,055,111
97,311,176,053,107
98,568,143,054,108
98,371,160,055,110
98,315,175,054,108
99,370,161,054,109
99,321,177,054,108
100,482,132,051,102
100,369,161,054,108
100,331,177,055,110
101,486,129,052,105
101,577,139,053,107
101,363,163,055,111
101,335,176,057,114
102,488,128,052,104
102,578,134,055,110
102,340,175,058,117
103,509,128,051,102
103,580,136,054,108
103,348,172,058,117
104,585,137,052,105
104,357,173,059,118
105,360,164,063,127
106,371,168,061,122
107,370,162,061,123
108,369,157,063,127
109,362,158,053,107
110,604,125,052,104
110,360,160,053,107
111,606,126,051,102
111,358,160,053,107
112,356,159,054,109
112,421,177,060,120
112,606,124,052,104
113,611,124,051,103
113,355,159,054,108
113,426,179,059,119
114,520,077,071,143
114,355,163,053,106
114,440,193,052,105
115,526,100,059,119
115,356,165,052,104
115,447,192,053,106
116,527,092,062,124
116,618,116,052,104
116,357,165,052,105
116,453,193,054,109
116,725,213,043,107
117,533,081,067,135
117,359,165,053,107
117,459,194,055,110
117,722,211,046,111
118,549,083,066,132
118,359,167,053,107
118,473,198,052,105
118,708,209,056,112
119,553,088,063,127
119,630,116,050,100
119,360,167,053,106
119,480,198,053,107
119,701,207,057,114
120,545,057,080,160
120,359,168,052,105
120,485,198,054,109
120,691,208,054,109
121,548,048,083,167
121,637,114,050,101
121,361,166,053,107
121,502,204,051,103
122,545,040,086,173
122,361,166,054,108
122,671,205,054,109
122,508,203,052,104
123,545,039,086,173
123,365,167,053,107
123,518,202,055,111
123,653,203,054,108
124,548,041,085,170
124,366,165,054,108
124,526,203,055,111
124,645,200,054,108
125,552,039,085,171
125,367,164,054,108
125,533,204,054,109
125,638,200,054,109
126,554,037,085,170
126,632,196,056,112
126,368,164,054,109
126,539,205,053,106
127,559,047,080,160
127,625,197,055,110
127,368,164,054,108
127,545,206,054,108
128,563,044,082,164
128,369,164,054,109
128,560,206,056,112
128,613,198,052,105
129,570,055,075,150
129,367,165,054,108
129,606,196,053,106
129,568,209,054,109
130,570,043,081,162
130,367,166,054,108
130,592,195,058,116
131,571,042,080,161
131,584,199,061,122
132,574,047,077,155
132,367,171,052,105
132,596,211,054,109
133,572,040,081,163
133,366,168,054,108
133,569,189,053,106
133,604,211,054,109
134,575,041,080,161
134,564,188,053,107
134,366,164,056,112
134,612,210,055,111
135,583,053,073,146
135,368,167,055,110
135,557,187,053,106
135,616,204,059,119
135,717,229,051,134
136,582,046,076,153
136,368,168,055,110
136,623,205,059,118
136,552,187,051,103
137,587,052,072,145
137,368,168,055,110
137,547,185,051,103
137,633,206,058,116
138,588,045,075,151
138,369,166,056,112
138,534,183,052,104
138,687,221,068,136
138,647,208,057,115
139,591,048,073,147
139,371,167,055,111
139,652,208,058,116
139,681,219,069,138
139,527,183,050,101
140,594,052,070,141
140,371,167,055,110
140,669,214,071,142
140,522,180,051,102
141,372,168,055,110
141,509,178,052,104
142,599,063,062,124
142,372,168,055,110
142,502,177,052,104
142,659,234,056,112
142,685,214,053,107
143,602,068,059,119
143,371,169,055,110
143,689,211,057,114
143,650,226,060,121
144,615,069,058,117
144,699,201,062,124
144,370,171,055,110
144,485,169,053,106
145,621,071,057,115
145,709,205,059,120
145,370,172,054,109
145,478,170,052,104
146,623,070,057,115
146,369,171,055,111
146,472,170,051,102
146,716,212,052,113
146,623,226,056,113
147,371,173,055,111
147,460,168,052,104
147,725,212,043,114
147,609,221,056,113
148,624,068,058,117
148,454,165,052,105
148,370,174,056,112
149,625,064,060,120
149,371,175,056,112
149,418,168,057,115
149,596,215,059,119
150,624,057,061,122
150,376,179,055,111
150,422,167,059,119
150,583,214,059,118
151,623,057,061,123
151,422,167,058,116
151,377,179,055,111
151,576,215,056,113
152,622,055,062,124
152,424,171,057,114
152,378,180,055,111
152,571,214,055,111
153,625,058,060,121
153,425,175,058,116
153,384,185,055,110
153,560,213,056,112
153,402,220,056,112
154,628,058,059,119
154,429,182,055,110
154,553,212,055,111
154,407,220,060,121
155,628,044,067,135
155,432,183,055,110
156,436,188,054,108
156,534,207,057,115
157,440,188,053,107
157,530,207,057,114
158,365,155,052,105
158,405,192,055,111
158,447,187,055,111
159,451,189,054,109
159,357,155,052,104
160,456,188,055,111
160,505,209,054,108
161,338,152,053,106
161,465,190,055,111
161,489,203,057,115
162,332,149,054,108
162,422,192,057,115
162,472,193,057,114
163,651,087,053,107
163,326,153,052,105
163,423,190,058,116
163,471,193,059,118
164,649,088,053,106
164,426,193,056,112
164,469,193,062,124
165,315,151,053,106
165,431,197,053,107
165,468,195,061,123
166,303,153,052,105
166,481,194,056,112
166,441,201,057,114
167,486,195,054,108
167,441,203,056,112
168,491,196,054,108
168,439,203,055,111
169,280,147,052,104
169,499,196,055,111
169,438,202,057,115
170,434,199,058,117
170,503,195,056,112
171,618,087,058,117
171,511,197,054,109
171,440,196,057,114
172,449,197,055,111
172,520,197,055,110
173,452,199,054,108
173,524,200,054,109
173,412,245,053,107
174,454,199,054,108
174,528,200,055,111
174,404,210,053,107
175,460,203,053,106
175,537,203,054,109
176,543,203,054,109
176,464,206,053,106
177,382,202,053,107
177,467,206,054,109
177,547,205,053,107
178,372,199,053,106
178,473,207,054,109
178,555,203,057,115
179,369,197,053,107
179,477,206,055,110
179,561,204,057,115
180,577,098,057,115
180,362,193,056,112
180,480,207,056,113
180,566,203,058,116
181,572,105,054,109
181,345,192,056,112
181,579,205,057,114
181,491,211,055,110
182,569,106,054,108
182,341,193,055,110
182,582,205,058,116
182,496,212,055,110
183,567,107,053,107
183,336,196,053,107
183,587,206,058,117
183,498,214,055,111
184,560,109,053,106
184,322,193,054,109
184,597,209,058,116
184,508,217,055,111
185,556,110,053,106
185,317,193,054,108
185,512,219,056,113
185,605,212,056,112
186,611,212,056,113
186,517,221,055,111
187,298,192,054,109
187,620,211,059,118
187,524,223,056,113
188,291,192,054,109
188,625,214,058,117
188,528,225,056,113
188,542,113,053,106
189,278,187,055,110
189,635,217,057,114
189,537,226,057,115
190,272,183,057,114
190,640,218,057,114
190,538,228,060,120
191,527,117,052,105
191,269,183,056,112
191,643,221,057,115
191,543,231,059,118
192,523,122,051,103
192,120,132,052,104
192,265,183,055,111
192,647,224,056,113
192,546,234,058,117
193,515,122,052,104
193,252,181,054,109
193,652,224,058,117
193,554,235,058,116
194,248,179,055,111
194,658,226,056,113
194,559,238,060,121
194,512,125,050,101
195,245,178,055,110
195,661,222,062,125
195,563,238,061,122
196,234,180,052,105
196,668,222,066,133
196,574,247,058,117
196,501,125,050,101
197,498,125,051,103
197,677,223,065,131
197,578,245,060,120
198,492,126,052,104
198,681,231,061,123
198,582,251,058,117
199,078,132,051,102
199,483,127,052,105
199,685,232,065,131
199,594,253,060,121
200,479,126,053,106
200,213,175,051,103
200,689,237,063,127
200,598,252,060,121
201,475,127,053,106
201,208,172,054,108
201,693,239,063,126
201,602,252,064,129
202,467,129,053,106
202,196,170,053,106
202,701,244,061,122
202,613,257,065,130
203,193,171,052,104
203,622,264,062,124
203,699,234,069,138
204,625,265,062,125
204,702,237,066,138
205,448,134,052,104
205,631,268,064,129
205,717,251,051,125
206,445,133,052,105
206,635,273,063,127
206,721,257,047,121
207,439,135,052,105
207,636,276,062,125
208,423,130,057,115
208,730,272,038,107
208,639,278,063,126
209,420,131,057,115
209,641,281,063,127
210,420,135,055,111
210,641,281,066,133
211,642,284,066,133
212,640,287,064,129
213,636,283,069,138
214,124,159,053,106
214,624,282,071,142
215,384,142,055,110
215,120,159,054,108
215,620,282,071,142
216,380,142,055,110
216,614,286,068,137
217,378,144,053,106
217,104,157,054,109
217,607,288,068,136
218,603,293,066,133
219,361,146,053,106
219,096,158,053,107
219,587,288,068,137
220,355,146,052,105
220,089,159,052,105
220,581,288,064,129
221,350,146,052,105
221,727,228,041,108
221,573,286,066,133
222,344,146,052,104
222,722,222,046,110
222,567,286,066,132
223,334,144,054,108
223,712,214,056,120
223,552,280,067,134
224,329,143,055,110
224,706,211,061,122
224,544,278,067,135
225,322,142,055,111
225,699,211,058,116
225,541,276,063,127
226,310,146,052,104
226,692,213,055,111
226,527,273,066,133
227,306,143,054,108
227,686,210,056,113
227,522,275,063,127
228,300,144,054,109
228,680,209,055,110
228,514,271,064,129
229,295,144,054,109
229,673,207,054,108
229,511,270,063,127
230,036,151,054,108
230,285,145,053,106
230,666,203,055,110
230,500,266,064,129
230,720,289,048,126
231,280,146,052,105
231,660,201,056,113
231,491,260,066,133
231,716,287,052,127
232,274,143,054,109
232,654,197,056,113
232,486,256,067,134
232,709,281,059,128
233,263,143,054,109
233,644,195,055,110
233,480,255,064,129
233,699,279,062,125
234,640,195,055,111
234,695,281,061,123
234,475,254,064,129
234,259,146,051,103
235,635,194,055,111
235,689,277,063,126
235,468,255,062,124
236,246,140,054,109
236,625,193,053,107
236,459,248,061,123
236,677,272,062,124
237,243,141,053,107
237,619,189,054,108
237,452,244,063,126
237,674,270,061,122
238,238,143,052,105
238,616,187,055,111
238,449,247,060,121
238,667,266,063,127
239,233,142,052,105
239,611,188,055,110
239,443,246,060,120
239,662,263,065,130
240,229,142,052,104
240,604,185,055,110
240,440,243,059,118
240,657,262,065,130
241,223,143,052,105
241,598,184,054,108
241,651,262,064,129
241,436,242,057,115
242,217,140,054,108
242,590,182,054,109
242,424,237,060,121
242,641,262,060,121
243,215,139,053,107
243,584,182,054,109
243,417,233,062,124
243,636,261,061,122
244,580,180,053,106
244,412,230,062,124
244,633,259,061,123
245,208,139,051,103
245,409,231,060,121
245,629,259,061,122
245,576,182,051,103
246,202,137,052,105
246,565,177,054,108
246,400,228,061,122
246,619,255,059,118
247,197,136,053,106
247,559,176,054,109
247,392,224,061,122
247,614,251,060,121
248,194,139,050,101
248,554,175,053,107
248,389,225,059,118
248,607,245,064,128
249,191,136,051,103
249,549,176,051,103
249,386,223,059,118
249,603,243,065,130
250,545,177,051,102
250,383,222,059,118
250,598,239,067,134
250,187,137,050,101
251,182,136,051,103
251,535,173,052,105
251,371,221,057,114
251,584,243,062,125
252,367,218,057,114
252,581,245,059,119
252,179,137,050,101
253,362,217,057,114
253,576,245,059,118
254,171,135,049,099
254,514,167,053,106
254,356,215,056,112
254,568,245,059,119
255,168,129,052,104
255,509,165,054,108
255,351,212,057,114
255,563,242,059,119
256,165,125,054,108
256,503,165,052,105
256,348,210,056,112
256,557,240,059,118
257,161,127,053,106
257,497,162,052,104
257,344,208,057,114
257,553,238,059,119
258,158,128,052,104
258,490,163,052,105
258,336,206,057,114
258,543,235,061,123
259,485,163,052,105
259,330,206,056,112
259,537,233,062,124
259,155,132,050,100
260,152,130,051,102
260,326,205,055,110
260,529,233,062,125
261,469,158,052,105
261,319,204,054,108
261,518,232,060,121
262,465,156,054,108
262,315,202,054,108
262,515,233,059,118
263,456,153,054,108
263,307,198,054,108
263,506,233,059,118
264,451,150,054,108
264,302,194,055,110
264,499,233,058,117
265,448,154,052,105
265,299,194,055,111
265,492,231,059,119
266,442,147,056,112
266,295,193,055,110
266,487,229,060,120
267,422,132,063,126
267,286,190,054,108
267,476,228,060,121
268,021,150,053,107
268,421,140,059,118
268,283,188,055,110
268,474,230,058,117
269,421,142,057,114
269,280,188,055,110
269,465,228,060,120
270,417,142,057,114
270,273,185,055,110
270,455,228,058,116
271,271,184,053,106
271,451,229,056,112
272,269,181,054,108
272,446,230,056,113
273,268,181,054,109
273,444,228,056,112
274,263,179,054,109
274,435,225,057,114
275,261,176,054,108
275,430,222,058,116
276,378,145,053,106
276,421,219,059,118
276,258,174,054,108
277,103,119,052,105
277,372,142,055,110
277,004,149,053,106
277,258,173,054,108
277,418,220,058,117
278,101,120,052,104
278,365,148,050,100
278,002,150,052,105
278,257,172,053,107
278,416,222,057,114
279,000,147,051,106
279,254,167,053,107
279,404,217,059,118
279,103,128,051,103
280,351,144,051,103
280,252,165,054,108
280,400,216,058,117
280,103,128,051,102
281,346,145,051,102
281,251,165,054,108
281,395,219,056,112
281,103,128,051,102
282,103,129,051,102
282,341,145,051,102
282,250,164,054,109
282,393,218,056,112
283,105,129,052,105
283,247,162,054,109
283,386,218,055,110
284,107,129,052,104
284,326,140,053,106
284,246,162,054,108
284,382,217,054,109
285,112,130,051,103
285,323,135,055,111
285,245,161,054,108
285,376,215,054,109
286,117,133,051,102
286,368,209,057,114
286,245,159,054,109
287,120,134,051,102
287,245,157,054,108
287,365,208,057,115
288,122,133,052,105
288,246,157,053,106
288,359,206,059,118
289,247,156,053,106
289,350,209,056,113
290,129,134,051,102
290,247,156,053,106
290,346,209,056,112
291,131,134,052,105
291,248,157,052,105
291,342,209,056,112
292,250,153,053,107
292,338,207,056,112
292,138,139,051,103
293,140,138,052,104
293,251,151,053,107
293,335,206,055,110
294,143,138,052,104
294,253,145,056,113
294,334,206,053,107
295,151,140,051,103
295,258,146,054,109
295,326,204,054,109
296,153,143,051,102
296,261,145,053,107
296,324,202,055,110
297,158,142,051,103
297,265,148,051,103
297,321,201,055,111
298,160,144,050,101
298,269,146,051,103
298,316,202,054,109
299,162,140,052,105
299,273,147,051,103
299,312,201,054,109
300,170,140,052,105
300,305,199,054,108
301,174,143,052,105
301,302,199,054,109
302,179,143,052,104
302,300,198,054,109
303,569,145,051,103
303,297,194,055,111
303,184,145,051,103
304,194,144,053,107
304,570,147,051,102
304,291,193,054,108
305,196,142,054,108
305,287,191,055,111
306,199,144,054,108
306,574,152,050,100
306,282,188,057,114
306,318,138,050,101
307,320,136,052,104
307,206,147,052,105
307,277,187,057,114
307,575,151,051,102
308,214,147,052,105
308,273,188,056,112
309,218,147,053,107
309,269,186,056,113
310,176,141,052,104
310,228,150,052,104
310,577,158,051,102
310,261,186,055,111
311,175,142,052,104
311,233,148,053,107
311,259,189,054,109
311,576,160,051,102
312,258,189,053,107
312,239,152,052,104
312,172,148,050,100
312,607,160,051,103
312,575,159,051,102
313,168,145,051,103
313,250,177,054,109
313,577,161,050,101
314,169,146,051,103
314,250,171,053,107
314,578,161,051,102
315,169,148,051,102
315,250,183,053,107
315,578,163,051,102
316,171,150,051,102
316,247,181,055,110
316,580,166,052,104
317,245,181,055,111
317,581,167,052,104
317,173,151,051,103
318,176,154,050,101
318,243,182,054,108
318,581,168,052,104
318,274,154,052,104
319,178,152,051,103
319,279,153,052,104
319,242,182,054,108
319,582,169,052,105
319,614,168,051,102
320,185,151,052,104
320,286,153,053,106
320,242,184,052,105
320,583,171,053,106
321,189,153,051,103
321,291,154,053,107
321,243,185,052,104
321,583,172,052,105
321,618,172,051,102
322,294,156,053,107
322,242,185,052,104
322,193,156,050,100
322,619,173,051,102
322,583,172,052,104
323,196,152,052,104
323,298,156,053,107
323,620,174,051,103
323,244,185,052,105
323,584,174,051,103
324,205,154,052,104
324,308,156,053,106
324,587,176,052,105
324,620,175,052,105
324,247,186,052,104
325,208,154,052,104
325,312,156,053,107
325,249,184,053,107
325,588,175,053,106
325,620,176,053,106
326,213,155,050,101
326,315,154,054,109
326,251,181,055,111
326,592,179,052,105
327,220,153,052,104
327,450,131,051,102
327,324,154,055,111
327,257,181,056,112
327,599,179,053,107
327,620,179,053,106
328,453,132,051,102
328,227,156,051,102
328,329,153,056,113
328,622,180,053,106
328,261,181,056,112
328,599,179,054,108
329,334,155,055,111
329,266,182,055,110
329,601,180,055,110
329,626,182,053,106
329,232,158,050,101
329,613,178,056,112
330,343,157,055,110
330,630,186,053,107
330,272,186,054,109
330,604,183,053,107
331,245,157,051,103
331,345,157,056,112
331,276,186,055,110
331,604,184,054,108
332,469,132,051,103
332,249,157,051,102
332,350,158,055,111
332,279,186,055,110
332,605,186,054,109
332,636,188,053,106
333,472,134,052,104
333,363,156,056,113
333,288,191,053,107
333,637,186,054,109
333,607,188,054,109
334,473,132,052,104
334,366,156,056,113
334,290,190,054,108
334,607,188,054,108
334,639,188,055,110
335,474,135,051,103
335,370,155,058,116
335,293,190,055,110
335,611,188,055,110
335,638,189,055,111
336,472,139,051,102
336,376,156,058,116
336,301,193,055,110
336,615,194,055,110
336,641,192,055,110
337,471,140,050,101
337,380,157,057,114
337,307,193,055,111
337,619,194,055,110
338,470,140,051,103
338,383,159,056,112
338,311,194,055,110
338,621,195,055,110
339,466,143,052,104
339,317,200,053,107
339,624,197,056,113
339,652,196,054,108
339,294,161,051,102
340,463,145,052,104
340,321,199,054,108
340,654,198,053,107
340,625,199,056,113
340,296,163,051,102
341,324,200,054,109
341,627,200,055,110
341,461,146,051,103
342,331,202,055,111
342,630,204,054,108
342,456,147,051,102
342,662,204,052,104
343,420,161,058,117
343,451,146,053,106
343,333,198,057,114
343,664,203,053,106
343,634,205,054,108
344,424,161,059,119
344,335,199,059,119
344,635,205,055,111
344,665,206,052,105
345,425,154,065,131
345,344,202,059,119
345,638,208,055,111
346,432,158,063,127
346,349,204,058,117
346,640,207,057,114
347,440,167,058,117
347,354,206,057,114
347,643,211,056,112
348,423,144,058,116
348,447,171,056,113
348,357,207,057,115
348,645,207,059,118
349,419,147,055,110
349,452,171,056,113
349,359,208,058,116
349,650,208,058,117
350,364,211,057,115
350,455,172,057,115
350,653,204,060,121
351,372,216,054,109
351,464,172,056,112
351,658,206,061,122
351,683,213,056,113
352,375,214,056,112
352,470,174,055,110
352,659,210,059,118
352,686,214,057,114
353,478,173,056,112
353,382,214,060,120
353,665,216,057,114
353,693,219,055,111
354,484,174,057,115
354,387,220,057,114
354,667,215,058,117
354,694,218,056,113
355,488,172,059,118
355,393,224,055,110
355,696,218,058,117
356,493,174,058,116
356,398,222,057,114
356,695,214,062,125
357,376,153,053,107
357,506,180,055,111
357,405,221,061,122
357,681,220,061,122
357,696,211,066,133
358,372,153,052,105
358,510,180,056,112
358,409,227,058,117
358,682,227,059,119
358,703,212,065,133
359,370,154,053,106
359,515,183,056,113
359,413,230,057,114
359,702,209,066,138
359,686,225,061,122
360,364,154,053,107
360,421,152,057,115
360,518,182,057,114
360,687,211,069,139
360,417,232,057,114
361,421,143,062,124
361,359,155,052,104
361,524,182,056,112
361,710,216,058,130
361,418,227,060,120
361,692,213,068,137
362,354,155,052,105
362,535,184,055,110
362,427,228,061,123
362,692,225,064,128
362,721,228,047,120
363,352,156,051,103
363,538,182,056,112
363,433,232,059,119
363,698,234,059,119
363,440,167,052,104
364,445,165,052,104
364,542,183,058,116
364,441,234,059,119
364,700,237,058,117
364,347,155,052,104
365,340,154,052,104
365,453,162,053,106
365,552,184,058,116
365,451,240,056,112
365,700,233,064,128
366,337,154,052,104
366,456,162,052,105
366,560,187,057,114
366,457,240,057,115
367,333,153,052,105
367,460,160,051,102
367,563,186,057,115
367,461,241,057,114
368,328,153,053,107
368,462,157,052,104
368,567,187,058,116
368,465,241,058,116
368,714,243,054,119
369,322,155,051,103
369,469,157,053,107
369,720,252,048,116
369,576,188,059,118
369,476,242,058,116
370,320,156,051,103
370,472,153,053,107
370,581,190,057,115
370,482,244,057,115
370,724,269,044,110
371,477,153,052,105
371,587,188,058,116
371,486,246,058,117
372,482,154,051,102
372,313,158,051,102
372,592,188,058,117
372,490,246,058,116
373,484,149,053,106
373,309,158,051,103
373,598,190,057,114
373,497,246,058,116
374,491,150,052,104
374,606,190,060,121
374,511,249,058,117
374,301,160,050,100
375,495,148,051,103
375,298,159,051,102
375,611,192,060,121
375,515,249,058,117
376,497,147,051,103
376,293,156,052,105
376,618,194,059,118
376,518,249,060,120
377,501,145,052,104
377,287,155,053,106
377,627,196,058,116
377,528,254,059,119
378,507,144,052,104
378,281,156,052,104
378,631,196,060,120
378,534,253,060,121
379,512,142,052,105
379,635,198,060,121
379,538,254,060,121
379,278,159,051,103
380,518,143,051,103
380,273,158,052,104
380,639,197,060,121
380,543,254,060,121
381,521,141,052,104
381,265,160,052,104
381,652,196,061,123
381,551,259,061,123
382,525,141,051,103
382,262,161,051,103
382,657,198,060,120
382,558,258,063,126
383,258,162,051,103
383,662,202,058,117
383,563,257,064,129
384,251,159,055,110
384,669,204,059,119
384,576,262,061,123
385,248,161,054,109
385,673,199,063,127
385,581,265,061,122
386,247,162,054,109
386,680,202,062,124
386,585,268,061,123
386,541,137,051,102
387,243,162,055,110
387,690,205,060,120
387,595,267,064,129
388,242,167,054,108
388,694,206,061,123
388,599,266,065,130
389,243,172,053,106
389,698,204,064,128
389,604,270,063,126
390,244,172,053,106
390,708,206,060,127
390,613,269,067,134
391,244,172,053,107
391,714,209,054,124
391,619,268,068,136
392,244,174,053,107
392,720,212,048,118
392,627,272,066,132
393,563,117,054,108
393,246,179,053,106
393,724,218,044,119
393,637,279,062,125
394,564,108,057,115
394,246,180,052,105
394,642,278,064,129
395,566,109,056,112
395,247,181,052,104
395,646,283,062,125
396,572,110,055,111
396,250,181,053,107
396,657,281,066,133
397,573,111,054,109
397,253,183,053,107
397,663,281,066,132
398,574,114,053,106
398,256,184,053,106
398,667,284,066,133
399,573,109,054,108
399,258,185,053,106
399,672,287,066,133
400,573,109,054,109
400,260,186,053,106
400,676,288,066,132
401,574,108,054,109
401,263,188,053,107
401,684,290,065,131
402,576,109,053,107
402,264,187,054,108
402,692,291,065,131
403,576,107,053,107
403,266,188,054,108
403,698,293,065,130
404,575,105,054,108
404,267,190,054,108
404,702,296,064,128
407,281,192,054,108
414,281,189,055,110
415,283,193,053,106
416,281,190,055,110
417,281,190,055,110
418,281,192,054,108
419,280,190,055,110
420,280,190,055,111
421,282,192,054,109
422,282,191,054,109
423,282,191,054,109
424,281,191,054,108
425,522,129,050,101
425,716,273,052,119
426,710,271,058,121
426,520,129,051,102
427,702,265,063,127
427,520,131,050,101
428,696,262,064,129
428,519,132,050,101
429,517,133,050,100
430,512,134,050,101
430,683,269,058,116
431,511,133,051,103
431,678,269,057,115
432,671,266,057,115
432,509,135,051,102
433,659,264,057,115
433,504,138,051,102
433,283,195,052,105
434,503,137,051,103
434,284,195,052,105
434,652,257,061,123
435,284,195,052,105
435,647,255,062,125
436,285,195,052,105
436,642,254,061,123
438,493,144,051,102
438,625,252,060,120
439,489,145,051,103
439,619,251,060,121
440,487,149,051,103
440,613,249,060,120
441,481,148,052,105
441,602,244,060,120
442,479,152,051,103
442,596,239,063,127
443,479,154,051,102
443,592,240,062,124
444,478,158,050,101
444,285,193,052,105
444,581,236,063,126
445,285,192,053,106
445,578,239,059,119
445,477,157,051,102
446,477,159,051,102
446,286,192,053,106
447,476,162,051,102
447,287,192,053,106
447,571,236,059,118
448,475,163,051,103
448,289,192,053,106
448,566,237,059,118
449,291,192,053,107
449,561,232,060,120
449,474,163,052,104
450,473,164,052,105
450,296,194,052,105
450,553,229,059,119
451,473,165,053,106
451,298,195,051,103
451,549,227,061,123
452,475,168,052,104
452,301,194,053,106
452,545,226,061,122
453,476,171,052,105
453,303,195,053,106
453,542,225,061,123
454,477,171,053,107
454,309,194,054,108
454,532,221,060,121
455,478,175,053,106
455,312,196,053,106
455,528,221,059,118
456,480,179,052,104
456,526,221,059,118
456,317,200,051,103
457,485,182,051,103
457,321,199,053,106
457,518,219,058,116
458,485,183,052,104
458,325,200,052,105
458,516,218,057,114
459,489,186,052,105
459,328,200,053,106
459,510,217,057,115
460,506,217,057,115
460,332,199,053,107
461,339,199,055,111
461,495,200,065,131
462,343,200,055,110
462,494,201,062,125
463,353,204,053,106
463,490,202,060,120
464,356,204,055,111
464,486,203,060,121
465,360,205,055,111
465,505,198,054,108
465,479,206,058,117
465,708,305,060,145
466,513,204,052,105
466,369,205,054,108
466,470,205,057,114
466,696,303,072,145
467,689,303,071,143
467,517,206,053,107
467,372,207,053,107
467,466,203,057,115
468,683,300,070,140
468,375,208,054,108
468,461,202,058,117
468,519,206,053,107
469,385,209,056,113
469,453,204,055,110
469,524,209,054,108
469,670,294,069,139
470,449,202,055,111
470,391,215,053,107
470,526,213,054,108
470,665,292,069,139
471,443,204,054,108
471,396,213,055,110
471,528,215,054,108
471,661,293,067,135
472,439,202,054,109
472,398,214,056,112
472,532,217,054,108
472,655,289,067,134
473,429,199,056,112
473,408,215,057,114
473,536,218,056,112
473,642,278,070,140
474,424,198,056,112
474,539,221,056,112
474,636,275,073,147
475,417,218,055,110
475,543,221,056,113
475,630,274,071,142
476,420,219,056,112
476,547,222,056,113
476,625,272,071,143
477,425,218,058,116
477,550,226,055,110
477,619,274,069,138
478,437,221,057,114
478,556,231,055,110
478,610,269,067,134
479,441,222,057,114
479,559,233,055,111
479,606,267,067,135
480,445,224,057,115
480,562,233,055,111
480,602,266,067,135
481,399,191,054,108
481,452,230,056,113
481,568,237,057,114
481,593,260,067,134
482,457,230,056,113
482,572,240,058,117
482,580,250,070,141
483,460,230,056,113
483,578,243,075,151
484,373,178,058,116
484,467,231,059,118
484,575,242,074,149
485,372,179,057,114
485,473,234,059,119
485,574,248,070,141
486,369,177,058,117
486,477,237,058,117
486,571,249,070,140
487,365,174,059,118
487,482,238,058,116
487,570,252,066,132
488,357,176,056,113
488,488,239,061,122
488,562,248,068,137
488,592,249,060,120
489,356,178,055,110
489,492,243,060,121
489,596,249,061,122
489,561,243,069,139
490,349,176,055,111
490,501,246,057,115
490,559,242,067,135
490,601,252,059,119
491,344,176,054,108
491,558,243,062,125
491,503,248,058,117
491,602,252,059,118
492,342,175,054,109
492,556,245,061,123
492,507,248,059,118
492,603,252,059,118
493,336,170,056,112
493,555,245,061,122
493,511,251,061,122
493,604,253,059,119
494,328,162,060,121
494,553,239,062,124
494,602,254,060,121
494,521,256,061,122
495,324,160,061,122
495,550,237,063,126
495,526,255,062,124
495,601,253,061,123
496,322,166,057,115
496,531,255,063,126
496,600,254,061,123
497,314,171,054,109
497,536,258,064,128
497,598,256,061,123
498,310,166,056,112
498,542,254,063,127
498,597,256,062,125
499,303,167,055,111
499,545,247,070,141
499,596,262,060,120
500,299,170,053,106
500,549,254,071,142
500,599,265,058,116
501,294,167,054,108
501,557,271,064,128
501,598,265,059,119
502,289,164,056,112
502,544,231,063,126
502,590,259,065,131
502,565,270,066,132
503,284,161,058,117
503,545,228,062,125
503,573,274,065,130
504,276,164,056,113
504,543,225,060,120
504,582,276,066,132
505,274,168,053,107
505,542,224,060,121
505,727,232,041,112
505,587,274,069,139
506,270,169,052,104
506,541,223,060,121
506,724,231,044,113
506,591,274,069,139
507,265,169,052,104
507,535,218,063,127
507,716,222,052,119
507,593,261,075,151
508,262,168,052,105
508,533,217,063,126
508,713,220,055,123
508,597,267,079,159
509,258,164,054,108
509,711,219,057,123
509,532,218,061,123
509,612,288,069,139
510,252,163,053,107
510,526,216,058,116
510,702,214,062,124
510,600,260,062,124
510,630,296,065,130
511,248,162,054,108
511,523,214,059,118
511,699,216,058,117
511,600,259,061,122
511,641,301,063,127
512,246,160,055,111
512,519,215,058,116
512,696,218,056,112
512,601,262,059,119
512,645,298,068,136
513,242,160,055,110
513,694,217,056,113
513,516,213,058,116
513,600,260,061,123
513,653,299,068,136
514,237,157,056,112
514,511,211,057,115
514,692,218,056,112
514,600,258,062,125
514,661,304,067,134
515,231,159,054,108
515,503,206,059,119
515,679,210,058,117
515,600,259,062,125
515,669,300,069,138
516,229,157,055,110
516,674,212,055,110
516,500,207,058,117
516,601,259,061,123
516,676,300,073,146
517,224,158,054,109
517,494,204,059,118
517,666,209,056,112
517,604,262,059,119
517,693,305,073,146
518,222,159,053,106
518,490,203,058,116
518,664,209,056,113
518,604,260,060,120
518,700,312,068,137
519,219,161,051,103
519,487,202,058,116
519,661,208,056,112
519,606,259,061,122
519,706,317,062,133
520,215,156,053,107
520,657,204,055,111
520,480,199,058,116
520,610,259,060,120
520,721,326,047,128
521,212,156,053,106
521,478,198,057,115
521,653,202,054,108
521,613,261,058,116
522,209,158,052,105
522,476,197,057,115
522,649,201,055,111
522,615,262,057,114
523,206,155,053,107
523,472,196,057,115
523,646,200,055,110
523,614,259,059,118
524,466,191,056,113
524,635,198,055,111
524,616,255,061,122
525,196,157,052,104
525,465,190,057,114
525,632,198,053,107
525,616,256,060,121
526,195,157,051,103
526,462,189,057,115
526,626,195,054,108
526,617,257,059,119
527,460,189,056,113
527,618,258,058,117
527,405,413,084,163
527,191,154,052,104
527,624,193,053,107
528,188,154,051,102
528,454,187,056,112
528,620,191,053,106
528,618,257,059,118
529,186,154,051,102
529,451,185,056,112
529,617,188,054,108
529,619,257,059,119
530,183,152,052,104
530,448,183,056,112
530,615,186,056,112
530,619,257,059,118
531,176,151,052,104
531,444,182,056,112
531,612,184,054,109
531,620,259,059,118
532,443,181,056,112
532,612,184,053,107
532,621,262,058,117
532,172,150,052,104
532,354,459,052,105
533,169,149,052,104
533,439,176,058,116
533,621,262,059,119
534,167,149,052,105
534,438,175,057,114
534,605,180,053,107
534,621,263,060,120
535,166,150,051,103
535,436,175,056,113
535,604,178,053,107
535,620,263,060,120
536,433,172,057,114
536,621,262,064,128
536,276,392,078,156
536,161,148,051,102
536,602,177,052,104
537,432,172,056,113
537,600,177,052,104
537,622,264,064,129
537,267,392,078,157
538,431,172,056,113
538,600,176,052,105
538,623,266,064,129
538,260,386,081,162
539,151,144,052,104
539,427,165,057,114
539,599,169,053,106
539,627,269,063,126
539,238,392,076,152
540,149,145,051,103
540,426,166,055,111
540,598,168,053,107
540,627,271,063,126
540,260,360,086,172
540,235,377,083,167
541,423,165,056,113
541,597,168,052,105
541,626,272,064,129
541,264,368,079,158
541,145,146,051,103
542,423,164,055,111
542,596,167,053,106
542,626,275,064,128
542,274,399,061,123
542,142,145,051,102
543,421,162,056,112
543,594,166,053,106
543,626,279,063,127
543,271,404,059,118
544,420,163,054,109
544,592,165,053,106
544,624,280,063,127
544,268,401,061,123
544,137,144,051,102
545,590,161,051,103
545,621,280,066,132
545,246,370,081,163
545,132,144,051,103
546,589,161,051,103
546,622,281,066,133
546,238,358,085,171
546,176,364,088,177
546,129,144,051,102
547,589,161,051,103
547,620,282,066,133
547,235,368,078,157
547,172,366,086,172
548,621,283,066,133
548,233,363,078,156
548,589,160,051,102
548,166,360,087,175
549,119,138,053,106
549,588,155,051,102
549,622,288,065,130
549,228,365,080,161
549,159,361,087,174
550,115,140,052,105
550,622,290,064,128
550,158,365,085,170
550,224,361,084,168
550,588,155,051,103
551,110,138,053,106
551,586,155,052,104
551,622,291,064,128
551,156,362,082,164
551,218,367,083,167
552,106,138,053,106
552,585,152,053,106
552,623,291,064,129
552,214,367,080,161
553,583,151,051,103
553,623,291,064,128
553,209,363,081,163
553,160,364,075,151
554,100,138,053,107
554,577,149,050,101
554,624,293,063,126
555,094,138,053,106
555,383,147,054,109
555,624,293,063,127
555,156,354,081,162
556,089,141,052,104
556,381,145,054,109
556,624,293,063,126
556,160,364,075,150
556,198,379,081,163
557,379,144,054,109
557,625,294,063,126
557,153,355,076,152
558,081,144,051,103
558,377,144,055,110
558,625,294,063,127
558,156,360,072,144
558,204,414,060,121
559,077,141,053,106
559,376,146,053,107
559,624,293,064,128
559,194,400,071,142
560,073,143,052,105
560,572,137,054,109
560,372,145,053,106
560,625,293,063,126
560,179,383,083,167
561,370,145,051,103
561,624,293,064,128
561,182,403,073,146
562,366,145,051,102
562,625,294,063,127
562,198,437,054,108
563,625,293,063,127
563,056,145,052,104
563,361,144,050,101
564,052,144,052,105
564,625,294,063,126
564,357,141,051,102
565,354,139,051,102
565,048,145,052,105
565,624,293,063,127
565,193,433,061,123
566,349,136,052,104
566,567,142,053,106
566,624,293,064,129
566,189,443,058,116
567,346,137,051,103
567,625,293,063,127
568,343,136,052,105
568,031,143,055,110
568,624,294,063,126
568,192,456,054,108
569,336,135,051,103
569,624,293,063,127
569,187,454,055,111
570,559,144,052,105
570,334,134,051,102
570,624,293,063,127
570,179,444,062,125
571,326,133,052,104
571,555,145,052,104
571,625,295,062,125
571,170,442,064,129
572,324,131,052,104
572,556,146,051,103
572,004,149,053,106
572,623,292,064,128
572,155,402,063,127
572,176,458,056,112
573,320,131,051,102
573,003,148,053,107
573,726,237,042,115
573,624,293,063,127
573,175,343,076,153
573,175,455,059,118
573,555,146,052,104
574,312,128,051,103
574,716,231,052,119
574,622,289,066,132
574,175,339,076,153
574,172,458,058,117
575,309,127,052,105
575,558,151,051,102
575,708,219,060,130
575,623,290,065,131
575,177,341,074,148
575,139,397,090,179
576,304,125,053,107
576,558,148,053,106
576,703,218,065,131
576,623,290,065,130
576,179,336,077,154
576,141,406,087,170
577,292,126,052,105
577,561,151,052,104
577,695,221,063,127
577,623,292,064,129
577,194,344,071,143
578,289,125,053,107
578,690,219,063,127
578,625,293,063,127
578,202,350,066,133
578,564,157,050,101
579,283,128,052,105
579,683,220,060,121
579,624,294,063,127
579,207,346,067,135
579,566,159,050,101
580,280,125,053,106
580,679,223,058,116
580,622,292,064,128
580,211,342,068,137
580,567,159,051,102
581,573,160,051,102
581,670,220,058,117
581,622,294,063,126
581,223,344,067,134
582,575,159,053,107
582,666,221,057,115
582,622,293,063,127
582,228,331,072,144
583,576,161,054,109
583,661,218,057,114
583,622,293,063,127
584,255,124,053,106
584,585,165,053,107
584,622,295,063,127
584,246,328,070,140
584,200,414,065,131
585,588,165,052,105
585,646,211,059,119
585,623,294,063,126
585,257,321,072,145
585,223,468,058,108
586,591,166,053,106
586,642,212,058,116
586,623,296,063,127
586,269,323,070,140
586,223,469,058,107
587,596,171,052,104
587,630,208,059,118
587,622,294,064,129
587,287,325,066,133
587,237,125,051,102
588,602,174,051,103
588,626,208,057,115
588,291,324,068,137
588,623,294,064,129
589,229,125,051,103
589,605,176,053,106
589,623,209,057,114
589,622,293,064,129
589,300,323,068,137
589,236,420,070,140
590,220,125,052,104
590,616,209,056,112
590,623,292,065,130
591,610,198,058,116
591,623,292,065,130
591,328,313,067,134
592,607,198,058,116
592,625,295,063,127
592,335,309,069,139
593,205,124,052,105
593,627,182,052,105
593,599,204,055,110
593,624,291,065,131
593,364,310,068,137
594,202,124,052,104
594,631,184,053,106
594,593,200,056,112
594,625,292,065,130
594,371,306,070,140
595,634,187,053,107
595,587,197,057,114
595,626,295,063,126
595,375,308,068,137
596,581,195,057,114
596,635,187,054,109
596,382,309,067,134
596,625,295,063,127
597,577,195,056,112
597,636,186,056,112
597,624,293,064,129
597,390,306,069,138
598,570,193,057,114
598,644,190,055,110
598,623,292,064,128
598,411,303,068,137
599,649,194,055,110
599,566,193,056,112
599,623,293,064,128
599,418,300,067,134
600,561,190,056,112
600,653,194,056,112
600,425,295,067,134
600,624,294,063,127
601,553,188,055,110
601,661,198,054,108
601,436,295,067,135
601,624,294,062,125
601,269,416,066,132
602,549,188,055,111
602,665,202,054,108
602,442,297,066,132
602,624,294,063,126
602,274,418,066,133
603,544,187,055,111
603,669,202,055,110
603,449,297,066,132
603,623,294,062,124
603,277,415,066,133
604,159,119,053,106
604,535,185,054,108
604,677,204,056,112
604,469,294,063,127
604,622,295,063,127
604,282,412,073,146
605,531,184,053,106
605,679,207,056,112
605,473,290,067,135
605,622,295,063,127
605,286,409,076,153
606,523,183,054,108
606,686,205,060,120
606,487,291,065,130
606,622,290,065,131
607,147,120,050,100
607,518,181,054,108
607,690,208,060,120
607,495,294,062,125
607,621,289,065,130
608,513,178,055,110
608,694,209,060,121
608,623,293,063,127
609,506,176,054,108
609,703,212,059,119
609,512,283,067,135
609,622,293,064,128
610,502,176,054,108
610,705,212,062,124
610,518,289,063,127
610,622,292,064,128
611,499,174,055,110
611,709,214,059,125
611,526,281,066,133
611,623,292,064,129
612,493,172,055,111
612,712,218,056,121
612,536,285,063,126
612,622,292,064,128
612,335,407,077,154
613,126,121,052,105
613,484,167,055,111
613,719,222,049,121
613,546,288,059,118
613,621,289,066,133
613,344,410,069,138
614,125,118,053,106
614,480,168,054,108
614,723,226,045,118
614,551,285,059,118
614,622,291,065,130
614,348,410,068,137
615,122,121,052,104
615,477,167,054,109
615,724,229,044,117
615,553,281,060,120
615,622,291,065,131
616,116,119,052,104
616,023,156,053,107
616,470,165,054,108
616,558,270,063,126
616,619,287,067,134
616,351,404,079,158
617,466,163,055,110
617,559,268,063,127
617,618,289,066,133
618,458,159,054,109
618,558,259,066,132
618,613,289,064,128
618,356,417,087,159
619,455,159,055,111
619,561,258,065,131
619,610,286,064,129
619,358,419,086,157
620,450,156,056,112
620,565,255,065,130
620,607,281,065,131
620,357,416,089,160
621,105,119,051,103
621,446,157,054,109
621,569,255,063,127
621,601,279,067,134
622,435,153,056,112
622,589,272,069,138
622,103,119,051,102
622,353,408,090,168
623,431,150,057,115
623,581,261,073,146
623,352,410,088,166
624,071,147,054,109
624,427,149,057,114
624,580,267,067,134
624,349,402,093,174
625,074,142,057,115
625,424,146,057,115
625,574,254,073,147
625,342,396,093,180
626,083,144,055,111
626,419,142,057,115
626,573,264,067,134
626,341,400,088,176
627,086,144,054,109
627,418,143,056,113
627,570,268,062,125
628,089,144,054,108
628,416,140,058,116
628,594,237,057,114
628,567,268,059,119
628,338,396,091,180
629,096,137,057,115
629,603,233,056,113
629,559,263,061,122
629,338,394,088,176
630,101,141,055,110
630,605,231,058,117
630,554,260,061,123
630,339,392,085,171
631,103,136,054,108
631,612,228,057,114
631,543,253,060,120
631,336,387,087,174
632,111,141,052,105
632,612,220,060,120
632,540,253,060,121
632,335,385,088,176
633,114,139,054,108
633,615,219,058,117
633,536,251,060,120
633,331,386,088,176
634,119,142,053,106
634,385,147,053,106
634,618,217,058,116
634,533,249,059,118
634,326,380,090,180
635,125,143,052,104
635,619,216,058,117
635,527,245,059,119
635,324,382,087,174
636,380,143,054,108
636,623,215,057,114
636,523,243,058,116
636,322,381,086,173
637,375,144,053,106
637,630,209,058,116
637,515,241,059,118
637,322,385,079,158
638,141,143,051,103
638,632,209,056,113
638,509,239,058,117
638,321,384,079,159
638,100,125,051,102
639,146,142,051,103
639,634,207,056,112
639,503,236,058,116
639,320,381,081,163
639,101,123,051,102
640,151,143,051,102
640,635,206,056,112
640,499,235,057,114
640,320,380,082,165
641,353,140,052,104
641,635,201,056,113
641,491,233,057,114
641,321,382,080,161
642,104,127,050,101
642,350,142,051,103
642,635,199,055,111
642,487,232,056,113
642,324,385,078,156
643,166,138,052,104
643,635,197,055,111
643,482,229,056,112
643,323,381,080,161
643,344,141,050,100
643,106,127,050,100
644,171,139,051,103
644,635,197,055,111
644,480,228,055,110
644,323,380,080,161
644,108,129,050,100
645,336,139,051,102
645,634,197,055,110
645,476,226,056,113
645,326,383,076,153
645,109,130,050,101
646,332,136,053,106
646,634,195,054,109
646,474,225,055,111
646,326,380,076,153
646,112,129,051,102
647,328,137,053,106
647,634,190,055,110
647,467,222,056,112
647,326,378,078,157
648,319,139,051,103
648,634,185,055,110
648,462,217,055,111
648,324,373,081,162
649,121,129,051,102
649,633,185,055,110
649,460,217,055,110
649,324,375,079,158
650,123,129,051,103
650,630,186,053,107
650,458,216,055,110
650,320,370,080,161
651,126,131,051,103
651,307,138,052,105
651,629,184,053,106
651,457,214,054,109
651,318,365,081,163
652,131,130,052,104
652,625,179,053,106
652,453,208,054,109
652,320,374,073,146
653,133,132,051,102
653,622,177,054,108
653,453,206,055,110
653,320,377,070,140
654,621,178,053,106
654,452,207,054,108
654,315,371,075,150
655,140,132,052,104
655,284,135,053,107
655,450,204,054,108
655,309,359,080,161
655,620,177,052,105
656,142,131,052,105
656,280,133,055,110
656,618,175,052,104
656,449,200,054,108
656,309,356,079,158
657,147,132,052,104
657,618,170,052,105
657,449,199,053,107
657,304,347,081,162
658,447,197,054,108
658,711,297,057,137
658,301,344,080,160
658,615,168,052,104
658,273,139,051,102
659,449,198,053,106
659,702,294,066,136
659,614,168,052,104
659,267,137,052,105
660,159,129,053,106
660,259,135,053,106
660,611,167,051,103
660,682,293,066,132
660,450,190,053,107
661,165,134,051,103
661,258,135,053,106
661,607,166,051,103
661,450,188,053,107
661,670,287,068,136
662,167,132,053,106
662,256,134,053,107
662,604,163,051,102
662,450,188,053,107
662,661,282,069,138
662,274,353,073,146
663,171,136,051,103
663,599,162,051,103
663,450,187,053,107
663,650,278,070,140
663,270,352,073,147
664,178,137,051,102
664,595,161,051,103
664,448,181,054,109
664,630,277,066,132
664,262,352,070,141
665,449,180,053,107
665,591,161,051,103
665,621,274,065,131
665,259,356,068,136
665,181,138,051,103
666,450,181,052,105
666,605,269,066,133
666,250,347,071,143
666,187,140,051,102
667,190,140,051,102
667,452,178,052,105
667,594,263,068,137
667,241,340,072,145
668,193,137,051,102
668,453,171,054,108
668,585,263,066,132
668,237,334,071,142
669,195,136,053,106
669,454,170,053,106
669,576,253,071,142
669,234,335,075,151
670,209,136,055,110
670,457,168,053,106
670,556,254,068,136
670,214,314,088,176
671,209,136,054,109
671,456,165,054,109
671,550,258,062,124
672,210,138,053,106
672,555,147,052,104
672,456,163,054,108
672,542,255,062,125
673,212,138,053,106
673,553,147,051,103
673,457,161,054,109
673,533,252,063,126
673,196,326,077,155
674,220,142,052,105
674,546,144,052,105
674,457,159,054,109
674,516,251,059,119
674,191,330,074,149
675,225,143,052,105
675,458,159,054,108
675,505,246,062,124
675,181,324,079,159
676,460,158,054,108
676,495,243,062,125
676,184,332,073,147
677,462,157,052,105
677,485,242,062,124
677,176,329,073,146
678,243,142,052,105
678,520,136,054,108
678,468,157,051,102
678,469,241,059,118
678,162,323,075,151
679,247,141,053,107
679,517,132,055,111
679,469,155,051,102
679,462,241,058,116
679,157,325,070,140
680,251,141,054,109
680,453,240,057,115
680,149,316,072,144
680,471,155,050,101
681,162,135,051,102
681,260,144,052,105
681,477,150,052,104
681,435,231,061,123
681,134,312,078,157
682,160,137,051,102
682,265,144,053,107
682,480,141,055,111
682,425,228,062,124
682,129,311,077,154
683,157,137,050,101
683,482,139,056,112
683,270,145,053,107
683,416,228,061,122
683,123,310,076,152
684,483,140,055,111
684,279,147,052,105
684,402,222,062,125
684,120,317,069,139
684,150,140,050,100
685,486,143,053,107
685,282,147,052,104
685,396,224,060,120
685,115,312,071,143
686,144,141,050,101
686,491,141,053,106
686,286,148,052,105
686,388,222,060,120
686,113,312,071,143
687,463,137,051,103
687,290,146,053,107
687,380,222,057,115
687,110,311,073,146
687,142,144,050,101
688,137,143,051,102
688,502,146,050,101
688,297,147,054,108
688,365,216,059,118
688,106,306,072,144
688,456,138,051,103
689,137,143,051,103
689,302,146,055,110
689,356,215,058,116
689,106,302,071,143
690,137,146,050,100
690,306,147,054,108
690,349,214,058,116
690,106,301,069,139
691,140,147,050,101
691,512,136,053,106
691,338,213,056,113
691,104,300,069,138
691,317,153,051,103
692,142,147,050,101
692,513,135,053,106
692,318,154,050,101
692,330,209,058,117
692,103,299,069,139
693,420,125,060,120
693,144,147,050,100
693,515,135,053,106
693,323,206,057,115
693,103,299,069,138
694,516,136,052,105
694,317,207,056,113
694,723,215,045,112
694,104,299,065,131
694,146,148,050,100
695,517,137,052,105
695,310,202,059,118
695,719,213,049,114
695,099,289,068,136
695,149,149,050,101
696,152,148,050,101
696,516,137,052,105
696,332,155,052,105
696,303,203,057,114
696,712,210,056,118
696,096,284,071,143
697,514,138,052,105
697,336,153,053,106
697,706,206,059,119
697,297,202,056,113
697,094,284,071,142
698,510,138,053,106
698,341,155,054,109
698,287,204,053,107
698,693,204,059,118
698,094,283,067,134
698,161,148,051,102
699,510,140,052,105
699,163,146,052,104
699,345,156,054,109
699,281,203,054,108
699,689,201,061,122
699,093,282,064,128
700,509,140,052,104
700,168,147,052,104
700,349,157,055,111
700,273,197,055,110
700,685,208,056,113
700,090,277,065,130
701,173,149,051,103
701,352,156,056,112
701,267,197,054,108
701,677,207,056,113
701,088,276,065,131
702,179,152,051,102
702,360,157,057,114
702,253,193,055,110
702,663,207,054,109
702,083,271,067,134
703,182,152,052,104
703,363,154,060,120
703,659,206,055,110
703,081,273,064,129
703,246,193,053,106
704,187,153,051,102
704,499,147,054,108
704,368,156,058,116
704,653,205,056,112
704,079,271,063,127
705,373,158,057,114
705,495,147,055,110
705,232,192,052,104
705,642,203,055,111
705,072,266,066,132
705,190,155,050,100
706,490,146,056,112
706,376,160,057,115
706,222,187,053,106
706,636,202,055,110
706,072,267,063,126
706,194,157,049,099
707,487,150,054,109
707,376,159,058,117
707,630,202,054,109
707,070,264,063,126
707,215,185,053,106
707,196,159,050,101
708,486,145,056,112
708,379,159,058,116
708,211,182,055,111
708,624,198,057,115
708,067,261,062,124
708,351,139,050,101
709,485,155,053,106
709,614,197,058,117
709,058,255,065,130
709,343,139,051,102
710,210,159,050,101
710,483,159,053,106
710,609,196,057,115
710,055,255,063,127
711,210,159,052,104
711,481,159,053,107
711,603,197,056,112
711,052,254,062,124
711,193,177,052,105
712,325,140,052,104
712,219,160,051,103
712,477,161,053,106
712,596,198,055,111
712,049,255,059,119
713,318,127,059,118
713,221,160,052,104
713,475,160,054,109
713,591,197,056,112
713,046,254,060,121
714,316,137,055,110
714,224,161,051,103
714,472,162,054,109
714,168,175,053,106
714,586,195,056,113
714,044,253,061,122
715,311,141,052,105
715,225,160,052,105
715,469,166,053,106
715,418,170,059,118
715,582,194,056,112
715,044,253,060,121
715,164,178,051,103
716,306,148,051,103
716,229,161,054,108
716,468,170,051,103
716,424,172,060,121
716,574,193,054,109
716,044,248,058,117
717,301,147,052,104
717,233,162,054,108
717,468,171,051,102
717,428,177,058,117
717,568,192,055,110
717,043,243,059,118
718,300,150,051,103
718,142,174,051,103
718,238,164,053,107
718,466,171,052,104
718,434,180,057,115
718,565,192,055,111
718,043,243,061,122
719,243,165,054,108
719,474,174,052,105
719,556,192,055,111
719,443,185,056,113
719,045,243,059,118
719,294,152,050,101
720,292,151,051,102
720,125,164,053,106
720,245,166,054,108
720,475,172,053,106
720,446,184,057,114
720,550,191,054,108
720,046,241,059,118
721,290,153,051,103
721,120,160,054,108
721,250,167,053,107
721,450,184,058,117
721,549,191,053,107
721,047,240,056,112
722,483,170,056,112
722,541,190,054,109
722,460,185,058,116
722,051,237,056,113
722,282,156,052,104
722,257,170,052,104
723,277,157,053,107
723,462,187,058,116
723,538,190,054,109
723,054,236,055,111
723,490,174,055,111
724,099,160,053,106
724,268,161,057,114
724,533,189,054,109
724,467,187,059,118
724,057,234,055,111
724,498,177,053,107
725,269,163,057,114
725,525,189,052,105
725,475,189,061,123
725,064,230,054,108
726,083,160,051,102
726,271,166,055,111
726,520,186,054,108
726,482,194,058,116
726,067,231,054,109
727,272,166,055,110
727,515,184,055,111
727,485,196,056,113
727,071,232,053,107
728,276,173,054,108
728,492,192,059,119
728,519,180,056,113
728,071,226,056,112
729,279,175,054,108
729,527,180,052,105
729,493,191,062,124
730,289,179,053,106
730,540,177,051,102
730,499,193,061,123
730,267,167,052,104
730,079,219,054,109
731,266,167,051,103
731,292,182,051,103
731,489,184,053,106
731,544,176,052,104
731,508,195,060,121
731,080,215,056,113
732,264,169,052,104
732,294,180,052,104
732,484,184,053,106
732,548,177,052,105
732,516,199,057,114
732,083,218,055,111
733,041,149,053,106
733,264,172,051,102
733,476,183,053,107
733,299,180,053,107
733,552,176,052,105
733,520,199,057,114
733,085,216,056,113
734,037,147,054,109
734,262,171,052,104
734,302,180,054,109
734,470,180,053,106
734,555,176,053,106
734,090,215,056,113
734,525,199,059,118
735,263,172,052,105
735,307,182,054,108
735,465,180,052,105
735,529,198,061,123
735,095,214,054,108
736,311,182,054,109
736,533,198,061,122
736,098,214,054,108
736,263,173,053,106
736,460,178,053,106
737,263,176,053,107
737,314,183,054,108
737,453,176,054,108
737,541,198,061,122
737,100,214,054,108
738,263,178,053,106
738,449,175,055,110
738,317,186,054,108
738,544,199,060,121
738,101,213,054,108
739,261,178,053,107
739,323,188,054,109
739,432,170,057,114
739,105,208,054,109
739,554,207,058,116
740,428,170,056,113
740,258,179,053,107
740,325,189,054,108
740,557,206,059,119
740,107,204,054,108
741,001,144,052,105
741,424,168,056,112
741,254,180,054,108
741,329,191,053,107
741,111,204,053,107
741,562,207,059,119
742,422,166,057,114
742,251,183,054,109
742,331,191,054,109
742,114,204,053,107
742,567,203,062,124
743,535,165,052,104
743,246,188,052,105
743,124,199,054,108
743,340,193,055,111
743,578,201,064,128
744,530,162,052,104
744,244,186,054,108
744,129,199,052,104
744,344,193,055,110
744,582,203,063,127
745,243,192,052,105
745,350,194,054,109
745,133,198,052,104
745,584,202,064,128
746,520,157,054,108
746,142,192,056,112
746,238,197,053,106
746,359,195,055,110
746,598,206,062,124
747,515,158,054,108
747,147,192,054,108
747,235,196,054,108
747,362,197,055,111
747,607,204,062,124
748,511,159,053,107
748,152,187,054,108
748,234,197,052,105
748,368,198,055,111
748,611,204,062,124
749,503,161,051,102
749,371,173,059,118
749,161,187,053,107
749,230,200,053,107
749,617,203,062,125
750,375,193,056,112
750,163,188,052,105
750,228,204,053,107
750,620,204,062,125
750,499,161,050,101
751,361,166,054,108
751,379,194,058,117
751,227,206,053,107
751,624,206,060,120
751,495,159,051,103
752,492,159,051,103
752,354,166,053,106
752,629,207,060,121
752,222,206,055,110
753,485,157,051,102
753,344,164,053,106
753,221,208,055,111
753,637,207,059,118
754,479,152,053,106
754,340,163,053,107
754,221,209,055,110
754,402,208,053,107
754,638,205,059,118
755,473,155,053,107
755,331,157,057,114
755,641,202,060,120
755,408,208,055,110
755,222,214,055,110
756,468,155,053,107
756,326,158,056,112
756,414,204,058,116
756,642,203,058,117
756,225,215,055,110
757,465,155,052,104
757,320,158,055,110
757,422,206,057,114
757,642,201,059,119
757,224,215,056,112
758,462,159,050,101
758,317,157,055,110
758,426,205,057,114
758,642,201,058,117
758,225,215,057,114
759,308,160,054,108
759,208,181,053,107
759,640,196,059,119
759,433,202,059,119
759,226,220,057,114
759,453,160,053,106
760,302,158,055,110
760,211,182,053,107
760,638,194,060,120
760,436,202,061,123
760,227,222,057,114
761,298,159,054,108
761,228,222,058,117
761,638,193,059,118
761,441,206,059,119
762,447,211,057,114
762,295,162,051,103
762,636,194,058,116
762,231,225,056,113
763,290,161,051,102
763,635,191,057,114
763,451,210,057,114
763,233,226,056,112
764,285,159,052,105
764,426,155,056,112
764,236,222,059,118
764,632,190,057,114
764,456,215,055,111
765,282,160,052,105
765,424,158,055,110
765,237,217,062,125
765,630,189,057,114
765,460,215,056,113
766,418,158,055,111
766,625,186,059,119
766,248,223,061,122
766,468,217,056,113
767,622,186,059,119
767,473,216,057,115
767,253,222,061,123
768,266,162,052,104
768,618,187,058,117
768,261,230,056,113
768,476,219,056,113
769,257,162,054,109
769,610,186,058,116
769,485,219,058,116
769,269,232,057,114
770,255,160,055,110
770,609,188,056,113
770,490,218,060,120
770,273,234,057,115
771,254,160,053,107
771,377,164,056,112
771,605,187,056,113
771,497,221,057,114
771,277,233,058,116
772,254,157,053,106
772,368,163,059,119
772,599,185,058,116
772,292,237,055,111
772,507,226,056,113
773,249,157,052,105
773,358,163,060,120
773,597,183,059,119
773,512,227,057,115
773,295,238,057,115
774,246,158,051,103
774,353,170,056,112
774,595,182,060,120
774,517,229,057,115
774,299,237,058,116
775,244,158,051,103
775,350,178,052,105
775,595,183,059,118
775,521,229,058,117
775,303,240,058,116
776,240,155,051,103
776,284,159,051,103
776,334,170,057,114
776,594,186,057,114
776,528,230,060,120
776,313,240,060,121
777,236,151,053,106
777,288,158,051,102
777,321,240,061,122
777,594,186,057,114
777,533,231,060,121
778,233,152,053,107
778,594,187,057,115
778,538,232,061,123
778,324,246,058,116
779,227,152,052,105
779,307,180,054,109
779,597,190,057,114
779,547,233,060,121
779,332,252,057,115
780,225,155,050,101
780,300,176,054,108
780,598,192,056,112
780,551,230,063,127
780,336,253,057,115
781,222,153,051,103
781,296,173,055,110
781,601,193,056,112
781,554,234,062,124
781,340,254,058,117
782,219,150,053,106
782,290,179,054,109
782,602,195,056,113
782,558,236,061,122
782,343,254,059,118
783,215,150,053,106
783,277,176,056,112
783,603,199,057,115
783,350,254,062,124
783,563,239,062,124
784,214,150,052,105
784,321,152,052,104
784,272,178,055,110
784,602,201,058,117
784,566,240,062,124
784,357,256,061,123
785,214,150,051,103
785,324,150,053,106
785,265,179,054,108
785,603,201,059,118
785,568,238,066,132
785,363,257,062,125
786,212,151,051,102
786,333,148,053,106
786,256,181,052,104
786,605,203,060,121
786,576,245,063,127
786,377,258,059,118
787,337,146,052,105
787,253,180,052,105
787,606,202,064,128
787,577,246,063,127
787,380,258,061,122
787,212,151,050,101
788,343,146,051,103
788,248,179,053,106
788,609,206,062,124
788,580,247,062,125
788,383,257,062,124
788,211,151,050,100
789,349,146,052,104
789,240,180,051,103
789,615,212,060,121
789,585,249,065,131
789,211,147,050,100
790,619,215,059,119
790,588,250,067,134
790,236,180,051,102
791,232,175,053,106
791,622,218,057,114
791,592,253,066,133
792,230,174,053,107
792,595,253,066,132
792,622,219,059,119
793,228,174,053,107
793,622,221,060,121
793,598,253,066,133
793,416,258,064,129
794,378,147,053,107
794,226,172,053,107
794,600,252,067,135
794,420,259,063,126
795,379,146,054,108
795,222,169,054,108
795,625,224,063,126
795,427,260,065,130
795,601,251,068,136
