1,001,514,192
1,002,267,265
1,003,664,278
2,001,513,193
2,002,271,265
2,003,656,277
3,001,512,194
3,002,275,264
3,003,648,277
4,001,508,195
4,002,287,263
4,003,634,277
5,001,506,195
5,002,290,262
5,003,626,276
6,001,504,195
6,002,294,260
6,003,617,276
7,001,502,195
7,002,297,258
7,003,608,275
8,001,498,195
8,002,300,258
8,003,599,273
9,001,494,195
9,002,305,257
9,003,591,274
10,001,490,194
10,002,308,255
10,003,583,275
11,001,484,194
11,002,312,254
11,003,564,272
12,001,480,194
12,002,316,253
12,003,556,272
12,004,336,249
13,001,476,195
13,002,320,252
13,003,549,272
13,004,341,248
14,001,470,195
14,002,324,251
14,003,531,271
14,004,351,245
14,005,524,278
14,006,744,356
15,001,466,195
15,002,325,250
15,004,355,244
15,005,516,276
15,006,738,353
16,001,462,195
16,002,327,250
16,004,358,243
16,005,509,276
16,006,734,350
17,001,458,195
17,002,330,248
17,004,362,242
17,005,502,276
17,006,732,348
18,001,454,195
18,004,368,240
18,005,485,275
18,006,725,346
19,004,370,239
19,005,478,274
19,006,718,344
20,004,372,238
20,005,472,274
20,006,711,341
20,007,744,330
21,004,376,236
21,005,458,273
21,006,705,327
21,007,732,323
22,004,377,235
22,005,452,273
22,006,699,325
22,007,725,322
23,004,379,235
23,005,446,271
23,006,694,324
23,007,720,321
24,004,380,234
24,005,441,270
24,006,684,318
24,007,709,317
25,004,381,233
25,005,438,269
25,006,680,316
25,007,703,314
26,004,381,232
26,005,435,269
26,006,677,315
26,007,697,312
26,008,711,311
27,004,381,231
27,005,434,268
27,007,692,311
27,008,706,310
28,004,381,230
28,005,432,267
28,007,686,310
28,008,701,309
29,004,381,229
29,005,429,266
29,007,674,306
29,008,690,303
30,004,380,228
30,005,428,265
30,007,668,302
30,008,684,301
31,004,381,227
31,005,427,264
31,007,662,299
31,008,678,298
32,004,381,226
32,005,427,263
32,007,653,297
32,008,667,297
33,004,382,226
33,005,427,262
33,007,648,295
33,008,661,295
34,004,382,226
34,005,427,261
34,007,643,293
34,008,654,293
35,004,382,225
35,005,427,260
35,007,638,290
35,008,649,291
36,004,382,224
36,005,427,259
36,007,633,288
36,008,644,290
37,004,380,223
37,005,428,259
37,007,624,287
37,008,635,288
38,004,380,222
38,005,430,258
38,007,618,285
38,008,628,285
39,004,379,221
39,005,430,257
39,007,611,282
39,008,622,282
39,009,403,218
40,004,379,220
40,005,431,256
40,007,599,278
40,008,610,278
40,009,404,217
41,004,379,220
41,005,431,255
41,007,594,278
41,008,604,277
41,009,404,216
42,004,379,220
42,005,430,253
42,007,588,276
42,008,598,276
42,009,404,215
43,004,379,220
43,010,379,220
43,007,592,275
43,011,379,220
43,009,404,215
44,012,379,219
44,013,379,219
44,007,600,272
44,011,379,219
44,014,379,219
44,015,570,274
45,016,451,218
45,017,451,218
45,007,597,271
45,011,393,214
45,015,564,274
46,018,449,217
46,017,449,217
46,007,592,270
46,011,392,213
46,015,558,273
47,019,449,216
47,017,449,216
47,007,587,268
47,011,391,212
47,015,551,270
48,020,447,216
48,017,447,216
48,007,579,263
48,011,389,211
48,015,538,265
49,021,446,215
49,017,446,215
49,007,575,263
49,011,388,211
49,015,532,263
50,022,445,215
50,017,445,215
50,007,570,262
50,011,388,211
50,015,528,262
51,023,443,215
51,017,443,215
51,007,560,259
51,011,385,218
51,015,520,258
52,024,442,215
52,017,442,215
52,007,554,257
52,011,385,218
52,015,517,256
53,025,441,215
53,017,441,215
53,007,550,255
53,011,386,218
53,015,514,255
54,026,440,215
54,017,440,215
54,007,546,254
54,011,385,218
54,015,511,254
55,027,439,213
55,017,439,213
55,007,539,251
55,011,384,218
55,015,502,253
56,028,438,213
56,017,438,213
56,007,534,250
56,011,384,218
56,015,497,251
57,029,656,312
57,007,530,249
57,011,384,216
57,015,493,250
58,029,649,308
58,007,524,247
58,011,384,215
58,015,488,248
59,029,645,305
59,007,520,246
59,011,383,215
59,015,486,247
60,029,642,303
60,007,516,244
60,011,381,215
60,015,484,246
61,029,636,300
61,007,510,240
61,011,378,215
61,015,480,242
61,030,399,216
62,029,633,295
62,007,507,237
62,011,374,215
62,015,478,240
62,030,398,215
63,029,630,293
63,007,505,236
63,011,370,215
63,015,477,239
63,030,398,215
64,029,628,292
64,007,503,235
64,011,365,215
64,015,475,238
64,030,398,214
65,029,623,289
65,007,498,233
65,011,354,214
65,015,470,236
65,030,398,213
65,031,344,199
66,029,620,285
66,007,495,231
66,015,467,235
66,030,398,213
66,031,339,199
67,029,618,282
67,007,492,230
67,015,464,234
67,030,398,213
67,031,333,198
68,029,616,280
68,007,489,229
68,015,462,233
68,030,397,212
68,031,328,198
69,029,610,276
69,007,485,226
69,015,460,231
69,030,397,212
69,031,319,198
70,029,608,274
70,007,482,224
70,015,459,230
70,030,397,212
70,031,316,197
71,029,607,270
71,007,481,222
71,015,458,229
71,030,397,211
71,031,311,197
72,029,604,267
72,007,480,220
72,015,456,228
72,030,397,210
72,031,305,197
73,029,599,266
73,007,479,219
73,015,454,228
73,030,386,219
73,031,297,197
74,029,597,263
74,007,478,218
74,015,453,227
74,030,385,217
74,031,294,197
75,029,595,260
75,007,477,217
75,015,452,225
75,030,384,216
75,031,290,197
76,029,592,254
76,007,476,215
76,015,451,223
76,030,384,216
76,031,286,197
77,029,591,253
77,007,475,215
77,015,450,222
77,030,384,216
77,031,284,196
78,029,590,252
78,007,474,213
78,015,449,221
78,030,383,216
78,031,283,196
79,029,588,247
79,007,475,209
79,015,449,220
79,030,383,216
79,031,281,196
80,029,587,244
80,007,474,206
80,015,448,219
80,030,383,215
80,031,281,196
81,029,586,242
81,007,474,203
81,015,448,218
81,030,383,215
81,031,281,195
82,029,585,241
82,007,475,202
82,015,448,217
82,030,383,214
82,031,281,195
83,029,583,237
83,007,475,201
83,015,448,216
83,030,383,213
83,031,284,196
84,029,581,233
84,007,475,198
84,015,447,215
84,030,383,212
84,031,284,196
85,029,580,231
85,007,475,196
85,015,447,213
85,030,382,211
85,031,285,196
86,029,580,229
86,007,476,193
86,015,447,212
86,030,383,210
86,031,287,196
87,029,580,227
87,007,477,192
87,015,447,212
87,030,383,210
87,031,289,196
88,029,580,224
88,007,478,191
88,015,447,211
88,030,383,210
88,031,292,196
89,029,582,221
89,007,481,186
89,015,447,210
89,030,383,210
89,031,297,196
90,029,582,220
90,007,482,185
90,015,447,210
90,030,383,210
90,031,299,196
91,029,582,219
91,007,483,185
91,015,447,210
91,030,383,210
91,031,303,195
92,029,582,218
92,007,484,185
92,015,447,210
92,030,384,209
92,031,304,195
92,032,308,224
93,029,586,213
93,007,487,181
93,015,446,209
93,030,386,209
93,033,586,213
93,032,313,224
94,029,587,212
94,007,489,180
94,034,587,212
94,030,386,209
94,032,315,224
95,035,588,211
95,007,491,180
95,034,588,211
95,030,386,208
95,032,317,223
96,036,589,210
96,007,494,180
96,034,589,210
96,030,386,207
96,032,321,223
97,037,593,205
97,007,500,177
97,034,593,205
97,030,386,207
97,032,327,223
98,038,594,204
98,007,502,175
98,034,594,204
98,030,386,207
98,032,331,223
99,039,594,203
99,007,504,174
99,034,594,203
99,030,397,215
99,032,335,223
100,040,596,200
100,007,507,173
100,034,596,200
100,030,396,215
100,032,343,222
101,040,597,198
101,007,508,172
101,041,597,198
101,030,396,214
101,032,346,221
101,042,522,181
102,043,597,197
102,007,509,168
102,041,597,197
102,030,396,214
102,032,350,220
102,042,523,179
103,044,598,196
103,007,510,167
103,041,598,196
103,030,397,213
103,032,355,220
103,042,524,178
104,044,600,194
104,007,513,166
104,045,600,194
104,032,365,219
104,042,528,177
105,044,601,193
105,007,515,166
105,046,601,193
105,042,529,176
106,047,603,192
106,007,522,165
106,046,603,192
106,042,534,174
107,048,603,191
107,007,525,164
107,046,603,191
107,042,536,173
108,049,603,190
108,007,528,163
108,046,603,190
108,042,538,172
109,050,603,189
109,007,532,162
109,046,603,189
109,042,542,172
110,050,603,188
110,007,535,161
110,051,603,188
110,042,544,171
110,052,390,232
111,053,537,160
111,007,537,160
111,042,546,170
111,052,388,232
112,053,539,159
112,054,539,159
112,042,548,168
112,052,387,232
112,055,630,175
113,056,541,158
113,054,541,158
113,042,550,167
113,052,385,232
113,055,630,174
114,056,545,157
114,057,545,157
114,042,554,167
114,052,385,231
114,055,632,173
114,058,456,235
115,056,548,156
115,042,557,167
115,052,385,231
115,055,632,172
115,058,469,245
116,056,551,155
116,042,560,166
116,052,386,231
116,055,632,171
116,058,472,245
116,059,644,168
116,060,746,266
117,056,554,154
117,042,563,164
117,052,386,231
117,058,477,245
117,059,644,166
117,060,743,265
118,056,559,153
118,042,568,162
118,052,386,231
118,058,490,244
118,059,648,164
118,060,726,258
119,056,561,153
119,042,570,162
119,052,386,231
119,058,495,244
119,059,649,163
119,060,720,256
120,056,562,152
120,042,572,161
120,052,386,230
120,058,499,244
120,059,650,162
120,060,715,255
121,056,567,148
121,042,576,158
121,052,385,230
121,058,513,245
121,059,653,160
121,060,708,254
121,061,527,255
122,056,569,147
122,042,579,157
122,052,385,230
122,058,518,245
122,059,655,159
122,060,703,253
122,061,532,255
123,056,574,147
123,042,582,157
123,052,388,229
123,058,532,247
123,060,687,251
123,061,542,257
124,056,577,146
124,042,584,157
124,052,389,228
124,058,539,247
124,060,680,250
124,061,548,257
125,056,580,145
125,042,587,156
125,052,389,228
125,058,548,247
125,060,673,249
125,061,555,257
126,056,582,144
126,042,589,154
126,052,389,227
126,058,553,247
126,060,666,247
126,061,560,257
127,056,584,143
127,042,590,153
127,052,389,226
127,058,558,248
127,060,659,246
127,061,565,256
128,056,587,142
128,042,594,152
128,052,389,226
128,060,646,240
128,061,579,255
129,056,589,141
129,042,595,151
129,052,389,226
129,060,640,239
129,061,586,254
130,056,590,140
130,042,596,150
130,052,389,226
130,060,634,238
130,061,591,255
131,056,592,138
131,042,598,148
131,052,388,227
131,060,617,232
131,061,603,256
132,056,593,137
132,042,599,148
132,052,387,227
132,060,622,231
132,061,609,257
133,056,593,137
133,042,600,147
133,052,386,227
133,060,615,231
133,061,612,264
133,062,595,242
133,063,631,265
134,056,594,137
134,042,600,146
134,052,385,227
134,060,609,230
134,061,610,264
134,062,589,241
134,063,635,266
135,056,594,137
135,042,602,145
135,052,384,227
135,060,602,229
135,064,594,137
135,062,584,240
135,063,640,265
136,065,593,136
136,042,602,144
136,052,384,227
136,060,597,225
136,064,593,136
136,062,579,237
136,063,646,263
137,066,602,143
137,042,602,143
137,052,385,227
137,060,591,224
137,062,573,236
137,063,653,263
138,067,604,142
138,042,604,142
138,052,387,227
138,060,577,223
138,062,560,233
138,063,666,262
139,068,604,141
139,042,604,141
139,052,387,227
139,060,568,222
139,062,553,233
139,063,671,262
140,069,604,140
140,042,604,140
140,052,387,227
140,060,561,221
140,062,547,232
140,063,676,262
141,070,604,139
141,042,604,139
141,052,387,227
141,060,549,221
141,062,537,231
141,063,681,262
142,071,387,227
142,072,387,227
142,052,387,227
142,060,542,220
142,062,531,230
142,063,675,262
142,073,630,125
143,071,387,227
143,074,387,227
143,075,387,227
143,060,535,219
143,062,524,230
143,063,669,261
143,073,629,124
144,076,387,228
144,077,387,228
144,075,387,228
144,060,524,216
144,062,512,227
144,063,656,258
144,073,630,123
144,078,730,263
145,079,386,228
145,080,386,228
145,075,386,228
145,060,517,216
145,062,507,226
145,063,650,257
145,073,630,122
145,078,734,263
145,081,649,128
146,079,386,228
146,082,386,228
146,083,386,228
146,060,510,215
146,062,500,226
146,063,644,255
146,078,736,263
146,081,649,127
147,079,385,228
147,084,385,228
147,085,385,228
147,060,498,213
147,062,488,225
147,063,631,252
147,078,738,263
147,081,649,126
148,079,385,228
148,086,385,228
148,087,385,228
148,060,493,212
148,062,483,223
148,063,625,250
148,078,739,263
148,081,649,125
149,088,386,228
149,089,386,228
149,087,386,228
149,060,485,211
149,062,477,223
149,063,620,249
149,078,740,263
149,081,649,124
149,090,446,225
150,088,388,228
150,091,388,228
150,060,472,207
150,062,460,217
150,063,605,248
150,078,740,262
150,081,649,123
150,090,446,225
151,092,389,228
151,091,389,228
151,060,468,206
151,062,458,217
151,063,599,246
151,078,740,261
151,081,649,122
151,090,445,225
152,093,390,227
152,091,390,227
152,060,467,206
152,062,457,217
152,063,593,245
152,078,740,260
152,081,649,121
152,090,444,223
153,093,394,228
153,094,394,228
153,060,469,206
153,062,457,217
153,063,581,244
153,078,739,259
153,081,650,120
153,090,444,223
153,095,590,270
154,096,395,228
154,094,395,228
154,060,469,206
154,062,457,217
154,063,575,243
154,078,738,258
154,081,650,119
154,090,443,223
154,095,583,269
155,097,397,227
155,094,397,227
155,060,470,207
155,062,457,217
155,063,570,242
155,078,738,258
155,081,650,119
155,090,443,223
155,095,576,268
156,098,396,226
156,094,396,226
156,060,473,207
156,062,458,217
156,063,559,242
156,078,738,257
156,081,651,119
156,090,444,223
156,095,565,267
157,099,392,226
157,094,392,226
157,060,474,207
157,062,458,216
157,063,553,242
157,078,738,256
157,081,651,119
157,090,444,221
157,095,559,267
158,100,383,225
158,094,383,225
158,060,479,207
158,062,459,216
158,063,539,241
158,078,737,255
158,081,652,118
158,090,444,220
158,095,545,266
159,100,377,225
159,101,377,225
159,060,483,207
159,062,460,216
159,063,533,240
159,102,377,225
159,081,652,117
159,090,444,220
159,095,540,266
160,100,372,224
160,103,372,224
160,060,486,206
160,062,461,216
160,063,527,239
160,104,372,224
160,081,652,116
160,090,444,220
161,100,358,221
161,105,358,221
161,060,494,205
161,062,461,215
161,063,514,239
161,106,358,221
161,081,653,115
162,100,352,220
162,107,352,220
162,060,496,204
162,062,461,215
162,063,509,238
162,108,352,220
162,081,653,115
163,109,346,220
163,110,346,220
163,060,497,204
163,062,461,215
163,063,506,238
163,108,346,220
163,081,653,115
163,111,677,140
164,109,341,219
164,112,341,219
164,060,498,204
164,062,461,215
164,063,505,238
164,113,341,219
164,081,653,115
164,111,677,140
165,114,337,218
165,115,337,218
165,060,498,204
165,062,461,214
165,063,503,239
165,113,337,218
165,081,652,114
165,111,676,139
165,116,457,250
166,114,324,218
166,117,324,218
166,062,461,214
166,063,511,239
166,081,651,113
166,111,676,138
166,116,458,250
167,114,319,218
167,062,460,214
167,063,515,239
167,081,650,113
167,111,676,138
167,116,457,249
168,114,314,217
168,062,459,213
168,063,518,239
168,081,649,113
168,111,675,137
168,116,455,248
169,114,304,216
169,062,458,212
169,063,526,241
169,081,647,112
169,111,674,136
169,116,453,247
170,114,299,216
170,062,457,211
170,063,531,241
170,081,646,111
170,111,673,135
170,116,450,245
171,114,293,215
171,062,456,211
171,063,537,241
171,081,645,109
171,111,672,134
171,116,448,244
171,118,468,253
172,114,288,214
172,062,455,211
172,063,545,239
172,081,643,108
172,111,671,133
172,116,445,243
172,118,468,252
173,114,282,214
173,062,454,211
173,063,549,239
173,081,641,108
173,111,670,132
173,116,443,242
173,118,468,252
173,119,438,298
174,114,277,214
174,062,453,211
174,063,552,239
174,081,640,108
174,111,669,131
174,116,441,241
174,118,481,253
174,119,436,297
175,114,265,211
175,062,452,211
175,063,561,241
175,081,638,107
175,111,669,131
175,116,440,241
175,118,485,253
175,119,426,296
176,114,260,211
176,062,451,211
176,063,565,241
176,081,637,107
176,111,669,130
176,116,439,240
176,118,490,253
176,119,424,295
177,114,254,211
177,062,450,210
177,063,569,240
177,081,636,107
177,111,669,129
177,116,437,239
177,118,494,254
177,119,421,294
177,120,408,255
178,114,247,208
178,063,577,242
178,081,636,107
178,111,669,129
178,118,501,257
178,120,400,256
179,114,241,208
179,063,582,244
179,081,635,107
179,118,505,257
179,120,394,255
180,114,236,208
180,063,589,244
180,081,634,107
180,118,509,257
180,120,388,255
180,121,605,155
181,114,226,208
181,063,600,243
181,118,519,260
181,120,375,254
181,121,601,155
182,114,223,207
182,063,604,242
182,118,521,259
182,120,368,254
182,121,599,154
183,114,218,206
183,063,607,243
183,118,525,258
183,120,362,254
183,121,597,153
184,114,208,205
184,063,617,245
184,118,533,261
184,120,351,252
184,121,593,153
185,114,206,204
185,063,623,245
185,118,537,263
185,120,344,253
185,121,591,153
186,114,201,203
186,063,628,244
186,118,540,263
186,120,338,253
186,121,589,153
187,114,188,202
187,063,639,243
187,118,549,266
187,120,327,252
187,121,584,152
188,114,183,202
188,063,645,244
188,118,553,268
188,120,320,250
188,121,582,151
188,122,568,166
189,114,175,201
189,063,656,244
189,118,560,269
189,120,308,249
189,122,562,166
190,114,171,200
190,063,658,243
190,118,562,270
190,120,303,248
190,122,558,166
191,114,168,199
191,063,661,243
191,118,565,272
191,120,298,245
191,122,556,166
192,114,166,199
192,063,664,243
192,118,569,275
192,120,293,244
192,122,553,166
193,114,165,198
193,063,670,245
193,118,577,275
193,120,285,243
193,122,546,166
194,114,165,198
194,063,673,245
194,118,581,278
194,120,281,243
194,122,541,165
195,063,676,245
195,118,586,280
195,120,276,242
195,122,538,165
196,123,595,283
196,118,595,283
196,120,263,237
196,122,532,164
196,124,526,175
197,123,599,284
197,125,599,284
197,120,257,234
197,124,524,175
198,126,603,287
198,125,603,287
198,120,252,233
198,124,521,175
199,126,614,290
199,127,614,290
199,120,244,232
199,124,511,176
199,128,711,294
200,129,619,289
200,127,619,289
200,120,239,231
200,124,508,176
200,128,713,295
201,130,624,290
201,127,624,290
201,120,235,231
201,124,503,175
201,128,716,296
202,130,636,295
202,131,636,295
202,120,224,229
202,124,495,176
202,128,719,298
202,132,086,182
203,130,640,296
203,120,219,228
203,124,490,175
203,128,731,305
203,132,083,181
204,130,644,295
204,120,214,226
204,124,484,175
204,128,734,306
204,132,079,180
205,130,650,301
205,120,204,224
205,124,477,174
205,128,741,311
205,132,071,178
206,130,653,304
206,120,200,224
206,124,473,174
206,128,744,312
206,132,067,177
207,130,656,306
207,120,195,224
207,124,469,174
207,128,746,313
207,132,063,176
208,130,659,308
208,120,185,223
208,124,463,173
208,128,752,317
208,132,057,175
208,133,749,325
209,130,660,310
209,120,180,223
209,124,461,173
209,132,054,175
209,133,752,327
210,130,661,312
210,120,174,222
210,124,458,173
210,132,051,174
210,133,756,328
211,130,663,314
211,120,164,218
211,124,453,175
211,132,045,172
211,133,760,330
212,130,662,314
212,120,160,217
212,124,452,175
212,132,042,171
212,133,761,330
213,130,660,315
213,120,156,217
213,132,040,170
213,133,762,330
214,130,650,316
214,120,147,217
214,132,036,169
214,133,761,330
215,130,644,315
215,120,142,216
215,132,034,168
215,133,760,329
215,134,411,197
216,130,639,314
216,120,136,215
216,132,033,168
216,133,760,328
216,134,408,196
217,130,633,314
217,120,130,215
217,132,031,168
217,133,759,326
217,134,406,195
218,130,626,314
218,120,126,214
218,132,029,168
218,133,759,325
218,134,403,195
219,130,610,313
219,120,117,212
219,132,027,168
219,133,758,324
219,134,397,195
220,130,604,311
220,120,112,212
220,132,026,167
220,133,753,323
220,134,393,194
220,135,381,198
221,130,597,309
221,120,107,211
221,132,025,166
221,133,747,324
221,136,597,309
221,135,376,198
222,137,590,307
222,120,103,211
222,132,024,165
222,133,741,322
222,136,590,307
222,135,370,198
223,137,576,302
223,120,095,212
223,138,576,302
223,133,743,322
223,135,361,199
224,139,571,298
224,120,089,212
224,138,571,298
224,133,739,320
224,135,355,198
225,140,565,296
225,120,084,211
225,138,565,296
225,133,733,319
225,135,349,198
226,141,553,294
226,120,076,210
226,138,553,294
226,133,720,315
226,135,338,198
227,142,548,290
227,120,072,209
227,138,548,290
227,133,715,312
227,135,333,198
228,143,543,287
228,120,068,208
228,138,543,287
228,133,710,311
228,135,329,197
229,144,539,285
229,120,064,206
229,138,539,285
229,133,705,311
229,135,323,197
230,144,529,282
230,120,059,205
230,145,529,282
230,133,703,310
230,135,313,196
230,146,698,257
231,147,524,278
231,120,057,205
231,145,524,278
231,133,700,309
231,135,309,195
231,146,694,256
232,148,519,274
232,120,055,205
232,145,519,274
232,133,696,308
232,135,305,194
232,146,688,254
233,149,509,271
233,120,052,203
233,145,509,271
233,133,691,307
233,135,294,194
233,146,679,252
234,150,503,270
234,120,051,203
234,145,503,270
234,133,689,305
234,135,289,193
234,146,675,251
235,151,497,268
235,120,050,203
235,145,497,268
235,133,687,305
235,135,285,193
235,146,670,249
236,152,486,263
236,120,049,202
236,145,486,263
236,133,684,304
236,135,279,192
236,146,658,245
237,153,481,262
237,120,049,202
237,145,481,262
237,133,683,303
237,135,274,192
237,146,652,243
238,154,477,261
238,120,049,202
238,145,477,261
238,133,680,301
238,135,269,192
238,146,647,243
239,154,472,258
239,155,472,258
239,133,677,300
239,135,264,190
239,146,641,242
240,156,467,255
240,155,467,255
240,133,673,299
240,135,259,189
240,146,635,240
241,157,462,253
241,155,462,253
241,133,668,298
241,135,255,188
241,146,630,238
242,158,450,252
242,155,450,252
242,133,656,293
242,135,248,187
242,146,621,237
243,159,444,249
243,155,444,249
243,133,651,290
243,135,243,186
243,146,616,236
244,160,441,248
244,155,441,248
244,133,647,289
244,135,239,186
244,146,609,234
245,161,438,247
245,155,438,247
245,133,644,288
245,135,235,185
245,146,604,232
246,162,438,247
246,155,438,247
246,133,638,284
246,135,229,184
246,146,596,229
247,163,437,247
247,155,437,247
247,133,635,282
247,135,225,184
247,146,590,228
248,164,630,280
248,165,630,280
248,133,630,280
248,135,221,184
248,146,584,227
249,164,625,279
249,166,625,279
249,167,625,279
249,135,217,183
249,146,577,226
250,164,619,279
250,168,619,279
250,169,619,279
250,135,213,181
250,146,572,224
251,164,606,276
251,170,606,276
251,171,606,276
251,135,208,181
251,146,562,223
252,164,601,274
252,172,601,274
252,173,601,274
252,135,205,181
252,146,556,222
253,164,597,272
253,174,597,272
253,175,597,272
253,135,201,180
253,146,551,221
254,164,589,270
254,176,589,270
254,177,589,270
254,135,196,179
254,146,544,220
255,164,585,268
255,178,585,268
255,179,585,268
255,135,193,178
255,146,539,220
256,180,581,265
256,181,581,265
256,179,581,265
256,135,190,177
256,146,533,219
256,182,529,217
257,180,577,263
257,183,577,263
257,184,577,263
257,135,186,177
257,182,523,216
258,180,568,262
258,185,568,262
258,186,568,262
258,135,181,175
258,182,515,216
259,180,562,262
259,187,562,262
259,188,562,262
259,135,179,174
259,182,509,216
260,180,555,262
260,189,555,262
260,190,555,262
260,135,177,173
260,182,503,216
261,180,543,260
261,191,543,260
261,192,543,260
261,135,172,173
261,182,496,215
262,180,538,259
262,193,538,259
262,194,538,259
262,135,169,172
262,182,491,215
263,180,528,258
263,195,528,258
263,196,528,258
263,135,164,170
263,182,481,214
264,180,524,257
264,197,524,257
264,198,524,257
264,135,162,170
264,182,475,213
265,180,519,255
265,199,519,255
265,200,519,255
265,135,158,169
265,182,471,213
266,180,514,253
266,201,514,253
266,202,514,253
266,135,154,169
266,182,468,212
267,180,505,251
267,203,505,251
267,204,505,251
267,135,149,167
267,182,461,211
268,205,499,251
268,206,499,251
268,204,499,251
268,135,146,166
268,182,458,211
268,207,047,203
269,205,493,251
269,208,493,251
269,209,493,251
269,135,144,165
269,182,455,209
269,207,046,203
270,205,481,247
270,210,481,247
270,135,139,165
270,182,451,208
270,207,044,202
271,211,476,245
271,210,476,245
271,135,137,165
271,182,449,208
271,207,043,202
272,212,472,244
272,210,472,244
272,135,135,165
272,182,447,208
272,207,042,202
273,213,467,243
273,210,467,243
273,135,133,165
273,182,446,207
273,207,041,202
274,214,459,241
274,210,459,241
274,135,130,165
274,182,445,206
274,207,039,202
275,215,455,239
275,210,455,239
275,135,128,165
275,182,444,205
275,207,038,201
276,215,448,237
276,216,448,237
276,135,126,165
276,182,443,205
276,207,035,201
276,217,289,238
277,218,445,236
277,216,445,236
277,135,126,164
277,182,442,205
277,207,033,201
277,217,288,237
278,218,444,235
278,219,444,235
278,135,125,164
278,182,441,205
278,207,031,201
278,217,287,236
278,220,396,197
279,221,443,234
279,219,443,234
279,135,124,163
279,182,440,204
279,207,028,201
279,217,286,234
279,220,387,196
280,222,442,234
280,219,442,234
280,135,123,163
280,182,439,204
280,207,027,201
280,217,285,233
280,220,383,196
281,223,441,234
281,219,441,234
281,135,123,163
281,182,438,204
281,207,026,200
281,217,283,232
281,220,378,195
282,224,123,163
282,135,123,163
282,182,437,204
282,207,025,200
282,217,282,231
282,220,373,195
283,225,127,163
283,135,127,163
283,182,436,203
283,207,024,200
283,217,281,229
283,220,364,194
284,226,130,164
284,135,130,164
284,182,435,203
284,207,023,199
284,217,280,228
284,220,361,193
285,226,132,164
285,227,132,164
285,207,022,197
285,217,279,227
285,220,356,193
286,228,135,164
286,227,135,164
286,207,021,196
286,217,278,225
286,220,346,192
287,229,137,165
287,227,137,165
287,207,021,195
287,217,277,224
287,220,342,192
288,230,140,166
288,227,140,166
288,207,021,195
288,217,277,222
288,220,338,191
289,230,145,165
289,231,145,165
289,207,022,193
289,217,277,221
289,220,329,190
289,232,393,272
290,230,147,164
290,233,147,164
290,207,023,192
290,217,277,220
291,234,150,164
291,233,150,164
291,207,024,191
291,217,277,219
292,235,156,166
292,233,156,166
292,207,025,190
292,217,279,217
293,236,158,165
293,233,158,165
293,207,026,189
293,217,279,216
294,236,160,164
294,237,160,164
294,217,279,215
295,238,166,164
295,237,166,164
295,217,282,213
296,239,169,164
296,237,169,164
296,217,282,212
297,240,173,164
297,237,173,164
297,217,280,212
298,241,176,163
298,237,176,163
298,217,277,212
299,241,179,162
299,242,179,162
299,217,274,211
299,243,338,258
300,244,187,162
300,242,187,162
300,217,265,211
300,243,332,253
301,245,192,162
301,242,192,162
301,217,260,210
301,243,330,253
302,246,195,161
302,242,195,161
302,217,257,210
302,243,327,251
303,247,198,160
303,242,198,160
303,217,255,210
303,243,324,250
304,248,205,161
304,242,205,161
304,217,246,208
304,243,318,249
305,249,207,160
305,242,207,160
305,217,240,208
305,243,314,248
306,249,207,159
306,250,207,159
306,217,244,209
306,243,310,248
306,251,595,197
307,252,205,159
307,250,205,159
307,217,247,209
307,243,306,248
307,251,595,196
308,253,203,158
308,250,203,158
308,217,250,209
308,243,301,247
308,251,595,196
309,254,200,157
309,250,200,157
309,217,253,209
309,243,297,246
309,251,595,196
310,255,196,157
310,250,196,157
310,217,262,208
310,243,292,245
310,251,595,198
311,256,194,158
311,250,194,158
311,217,265,207
311,243,290,244
311,251,594,198
312,256,192,158
312,257,192,158
312,217,268,206
312,243,289,243
312,251,593,197
312,258,375,182
312,259,632,211
313,260,189,157
313,257,189,157
313,217,275,206
313,243,285,242
313,251,593,197
313,258,384,180
313,259,632,211
314,261,189,156
314,257,189,156
314,217,278,204
314,243,284,241
314,251,593,197
314,258,388,179
314,259,631,212
315,262,189,157
315,257,189,157
315,217,280,203
315,243,283,241
315,251,593,197
315,258,392,178
315,259,631,213
316,263,193,156
316,257,193,156
316,217,286,202
316,243,279,241
316,251,595,197
316,258,401,177
316,259,631,215
317,263,193,156
317,264,193,156
317,217,287,201
317,243,278,240
317,251,595,197
317,258,403,177
317,259,631,216
317,265,196,198
318,266,196,156
318,264,196,156
318,217,290,202
318,243,277,240
318,251,595,197
318,258,405,177
318,259,631,216
318,265,197,198
319,267,198,156
319,264,198,156
319,217,294,202
319,243,276,240
319,251,596,197
319,258,407,177
319,259,631,216
319,265,199,197
320,267,201,157
320,268,201,157
320,217,296,201
320,243,275,240
320,258,407,176
320,259,632,218
320,265,204,196
321,267,203,157
321,269,203,157
321,217,297,200
321,243,275,240
321,259,643,223
321,265,207,195
322,270,297,200
322,271,297,200
322,217,297,200
322,243,275,240
322,259,644,223
322,265,210,195
323,270,296,199
323,272,296,199
323,273,296,199
323,243,275,240
323,259,644,223
323,265,212,195
324,274,278,240
324,275,278,240
324,243,278,240
324,259,644,225
324,265,220,195
325,274,279,240
325,276,279,240
325,277,279,240
325,259,643,226
325,265,224,195
326,274,280,239
326,278,280,239
326,279,280,239
326,259,643,226
326,265,228,195
327,280,286,239
327,281,286,239
327,279,286,239
327,259,645,227
327,265,235,195
327,282,475,182
328,280,289,238
328,283,289,238
328,284,289,238
328,259,645,227
328,265,239,194
328,282,477,182
329,280,291,237
329,285,291,237
329,286,291,237
329,259,646,227
329,265,243,194
329,282,479,182
330,280,295,237
330,287,295,237
330,288,295,237
330,259,648,229
330,265,252,193
330,282,483,182
331,280,297,235
331,289,297,235
331,290,297,235
331,259,649,230
331,265,255,193
331,282,484,182
332,280,299,235
332,291,299,235
332,292,299,235
332,259,651,231
332,265,258,193
332,282,484,182
333,280,305,235
333,293,305,235
333,294,305,235
333,259,654,231
333,265,267,192
333,282,488,182
334,295,308,234
334,296,308,234
334,294,308,234
334,259,655,231
334,265,268,191
334,282,488,182
334,297,394,212
335,295,311,234
335,298,311,234
335,299,311,234
335,259,656,232
335,265,271,190
335,282,488,182
335,297,397,212
336,300,317,234
336,298,317,234
336,301,317,234
336,259,659,234
336,282,487,183
336,297,403,211
337,300,320,233
337,302,320,233
337,303,320,233
337,259,661,234
337,282,486,183
337,297,405,211
338,300,323,234
338,304,323,234
338,305,323,234
338,259,663,234
338,282,484,183
338,297,407,211
339,300,328,234
339,306,328,234
339,307,328,234
339,259,667,235
339,282,480,185
339,297,409,211
340,300,331,234
340,308,331,234
340,309,331,234
340,259,668,236
340,282,478,186
340,297,409,211
341,300,334,234
341,310,334,234
341,311,334,234
341,259,669,237
341,282,476,186
341,297,409,210
342,312,343,234
342,313,343,234
342,311,343,234
342,259,672,238
342,282,472,186
342,297,409,209
342,314,688,256
343,315,643,233
343,316,643,233
343,317,643,233
343,259,673,238
343,282,468,185
343,314,689,255
344,315,644,233
344,318,644,233
344,319,644,233
344,259,674,238
344,282,465,185
344,314,690,255
345,315,646,234
345,320,646,234
345,321,646,234
345,259,677,239
345,282,459,184
345,314,692,256
346,315,648,234
346,322,648,234
346,323,648,234
346,259,678,239
346,282,458,184
346,314,693,256
347,315,651,234
347,324,651,234
347,325,651,234
347,259,680,240
347,282,457,183
347,314,694,256
348,326,654,233
348,327,654,233
348,325,654,233
348,328,654,233
348,282,454,184
348,314,695,256
348,329,674,266
349,326,658,233
349,330,658,233
349,331,658,233
349,282,450,184
349,314,698,256
349,329,679,266
350,326,661,233
350,332,661,233
350,333,661,233
350,282,447,183
350,314,699,256
350,329,682,267
351,326,665,232
351,334,665,232
351,335,665,232
351,282,445,183
351,314,702,257
351,329,687,268
352,326,666,232
352,336,666,232
352,337,666,232
352,314,703,258
352,329,688,269
353,326,669,233
353,338,669,233
353,339,669,233
353,314,707,261
353,329,693,269
354,326,670,233
354,340,670,233
354,341,670,233
354,314,709,262
354,329,696,270
355,326,671,232
355,342,671,232
355,343,671,232
355,314,710,262
355,329,698,270
356,344,417,263
356,345,417,263
356,346,417,263
356,314,711,262
356,329,699,270
357,344,420,263
357,347,420,263
357,348,420,263
357,314,714,265
357,329,703,271
358,344,422,263
358,349,422,263
358,350,422,263
358,314,716,267
358,329,705,272
359,344,423,263
359,351,423,263
359,352,423,263
359,314,719,268
359,329,707,272
360,344,423,262
360,353,423,262
360,354,423,262
360,314,722,268
360,329,708,271
360,355,540,230
360,356,449,209
361,344,423,261
361,357,423,261
361,358,423,261
361,314,724,269
361,329,709,271
361,355,545,230
361,356,452,205
362,359,727,271
362,360,727,271
362,361,727,271
362,314,727,271
362,329,712,271
362,355,555,229
362,356,454,204
363,362,729,272
363,363,729,272
363,364,729,272
363,314,729,272
363,365,729,272
363,355,559,229
363,356,455,204
364,362,731,273
364,366,731,273
364,367,731,273
364,368,731,273
364,355,561,229
364,356,467,217
365,369,736,277
365,370,736,277
365,367,736,277
365,371,736,277
365,355,571,230
365,356,472,216
366,372,739,278
366,373,739,278
366,367,739,278
366,374,739,278
366,355,576,230
366,356,474,216
367,375,741,278
367,376,741,278
367,367,741,278
367,377,741,278
367,355,580,230
367,356,476,216
368,378,745,277
368,379,745,277
368,367,745,277
368,380,745,277
368,355,585,230
368,356,477,216
369,381,751,281
369,382,751,281
369,367,751,281
369,383,751,281
369,355,594,232
369,356,480,215
370,384,754,283
370,385,754,283
370,386,754,283
370,383,754,283
370,355,599,233
370,356,482,215
370,387,512,300
370,388,746,324
371,384,767,297
371,385,759,284
371,389,759,284
371,390,759,284
371,355,605,233
371,356,485,214
371,387,515,304
371,388,751,323
372,384,766,297
372,385,764,284
372,391,764,284
372,392,764,284
372,355,610,233
372,356,489,214
372,387,519,304
372,388,756,324
373,384,766,300
373,385,764,286
373,393,764,286
373,394,764,286
373,355,614,233
373,387,523,303
373,388,759,327
374,384,766,305
374,385,765,293
374,395,765,293
374,396,765,293
374,355,624,234
374,387,535,303
374,388,762,332
375,384,767,308
375,385,767,295
375,397,767,295
375,398,767,295
375,355,628,235
375,387,541,303
375,388,763,334
376,384,766,313
376,385,767,295
376,399,767,295
376,400,767,295
376,355,633,235
376,387,545,304
376,388,764,337
377,384,765,313
377,401,766,295
377,402,766,295
377,400,766,295
377,355,641,234
377,387,552,308
377,388,764,337
378,384,764,312
378,403,765,294
378,404,765,294
378,400,765,294
378,355,645,234
378,387,557,309
378,388,763,336
379,384,763,311
379,405,764,293
379,406,764,293
379,400,764,293
379,355,651,234
379,387,563,310
379,388,762,335
380,384,763,310
380,405,763,292
380,407,763,292
380,408,763,292
380,355,656,235
380,387,568,311
380,388,761,334
381,384,762,309
381,405,762,291
381,409,762,291
381,410,762,291
381,355,668,236
381,387,574,314
381,388,760,333
381,411,540,193
382,384,761,308
382,405,762,290
382,412,762,290
382,355,672,236
382,387,579,314
382,388,760,332
382,411,542,192
383,384,760,307
383,413,761,290
383,412,761,290
383,355,674,234
383,387,585,314
383,388,760,331
383,411,545,191
384,384,759,306
384,414,760,289
384,412,760,289
384,355,680,234
384,387,598,317
384,388,760,330
384,411,550,190
385,384,758,305
385,415,759,288
385,412,759,288
385,355,682,233
385,387,603,318
385,388,760,330
385,411,552,189
386,384,758,304
386,415,758,287
386,416,758,287
386,355,682,233
386,387,606,318
386,388,760,329
386,411,556,187
386,417,272,213
387,384,758,303
387,415,758,286
387,418,758,286
387,387,615,321
387,388,760,328
387,411,560,184
387,417,267,213
388,384,758,302
388,419,758,285
388,418,758,285
388,387,620,322
388,388,760,326
388,411,563,183
388,417,267,213
389,384,758,301
389,420,758,285
389,418,758,285
389,387,625,323
389,388,761,325
389,411,565,182
389,417,267,213
390,384,759,300
390,421,758,284
390,418,758,284
390,387,635,324
390,388,765,325
390,411,568,179
390,417,267,214
391,384,759,300
391,422,759,283
391,418,759,283
391,387,641,324
391,388,765,324
391,411,569,178
391,417,266,214
392,384,760,300
392,423,762,283
392,418,762,283
392,387,648,324
392,388,766,324
392,411,570,178
392,417,267,214
393,384,761,300
393,424,766,284
393,418,766,284
393,387,657,323
393,388,767,325
393,411,573,177
393,417,267,216
394,384,762,300
394,425,766,285
394,418,766,285
394,387,663,324
394,388,766,323
394,411,574,176
394,417,267,216
395,384,765,301
395,426,766,287
395,418,766,287
395,387,667,324
395,388,767,324
395,411,577,174
395,417,267,216
396,384,765,299
396,427,766,285
396,418,766,285
396,387,678,325
396,388,767,323
396,411,580,173
396,417,269,216
397,384,766,299
397,428,767,285
397,418,767,285
397,387,683,326
397,388,767,324
397,411,581,172
397,417,270,217
398,384,766,298
398,428,767,284
398,387,688,326
398,388,767,323
398,411,581,171
398,417,272,217
399,384,766,297
399,428,766,283
399,387,692,326
399,388,766,322
399,411,581,170
399,417,273,217
400,384,766,296
400,428,765,282
400,387,697,327
400,388,766,321
400,411,581,169
400,417,274,217
401,384,766,295
401,428,764,282
401,387,702,327
401,388,766,321
401,411,581,169
401,417,275,217
401,429,289,241
402,384,765,295
402,428,763,281
402,387,708,328
402,388,766,320
402,411,582,168
402,417,276,217
402,429,290,241
402,430,602,162
402,431,724,356
403,384,765,294
403,428,762,281
403,387,714,328
403,388,767,320
403,411,582,168
403,417,277,217
403,429,291,241
403,430,602,161
403,431,730,356
404,384,765,293
404,428,761,280
404,387,718,328
404,388,766,319
404,411,582,168
404,417,279,217
404,429,291,241
404,430,601,161
404,431,735,357
405,384,765,293
405,428,761,280
405,387,718,328
405,388,766,319
405,411,582,168
405,417,279,217
405,429,291,241
405,430,601,161
405,431,735,357
406,384,765,293
406,428,761,280
406,387,718,328
406,388,766,319
406,411,582,168
406,417,279,217
406,429,291,241
406,430,601,161
406,431,735,357
407,384,765,293
407,388,765,318
407,417,295,219
407,429,304,241
408,384,765,293
408,388,765,318
408,417,295,219
408,429,304,241
409,384,765,293
409,388,765,318
409,417,295,219
409,429,304,241
410,384,765,293
410,388,765,318
410,417,295,219
410,429,304,241
411,384,765,293
411,388,765,318
411,417,295,219
411,429,304,241
412,384,765,293
412,388,765,318
412,417,295,219
412,429,304,241
413,384,765,293
413,388,765,318
413,417,295,219
413,429,304,241
414,384,765,292
414,388,764,315
414,429,304,240
415,384,765,291
415,388,764,313
415,429,304,240
416,384,764,291
416,388,763,312
416,429,303,240
417,384,764,290
417,388,763,311
417,429,302,240
418,384,763,289
418,388,763,310
418,429,301,240
419,384,763,289
419,388,763,309
419,429,301,240
420,384,762,288
420,388,762,308
420,429,301,240
421,384,760,287
421,388,757,306
421,429,301,239
422,384,757,286
422,388,753,305
422,429,309,245
423,384,754,284
423,388,749,303
423,429,309,245
424,384,747,280
424,388,740,297
424,429,308,244
425,384,744,278
425,388,735,296
425,432,744,278
426,433,739,277
426,388,730,295
426,432,739,277
427,434,734,276
427,388,724,293
427,432,734,276
428,435,728,274
428,388,719,291
428,432,728,274
429,436,723,272
429,388,714,289
429,432,723,272
430,436,712,271
430,388,704,287
430,437,712,271
430,438,538,178
431,439,708,270
431,388,699,286
431,437,708,270
431,438,536,177
432,440,704,268
432,388,695,284
432,437,704,268
432,438,533,177
433,440,692,265
433,388,686,279
433,441,692,265
433,438,527,177
433,442,690,321
434,443,686,264
434,388,681,279
434,441,686,264
434,438,525,177
434,442,684,321
435,444,679,263
435,388,675,278
435,441,679,263
435,438,523,177
435,442,677,320
436,445,672,261
436,388,667,276
436,441,672,261
436,438,521,178
436,442,670,318
437,446,672,261
437,388,667,276
437,441,672,261
437,438,521,178
437,442,670,318
438,446,654,257
438,388,650,271
438,438,517,179
438,442,652,315
439,446,649,256
439,388,645,270
439,438,514,180
439,442,646,314
440,446,644,254
440,388,640,268
440,438,510,180
440,442,640,312
441,446,634,250
441,388,630,264
441,438,505,180
441,442,630,306
442,446,629,249
442,388,625,263
442,438,503,180
442,442,626,305
443,446,624,248
443,388,620,263
443,438,501,181
443,442,620,304
444,446,612,245
444,388,607,260
444,438,500,182
444,442,609,301
444,447,311,245
445,446,607,242
445,388,602,258
445,438,499,182
445,442,604,300
445,447,311,244
446,446,603,241
446,388,597,257
446,438,498,183
446,442,600,299
446,447,311,244
447,446,599,241
447,388,593,256
447,438,497,183
447,442,596,298
447,447,311,244
448,446,595,240
448,388,589,255
448,438,496,184
448,442,593,297
448,447,311,244
449,446,592,238
449,388,586,253
449,438,495,183
449,442,589,295
449,447,312,244
450,446,584,235
450,388,579,249
450,438,494,183
450,442,581,291
450,447,315,244
451,446,579,234
451,388,575,248
451,438,493,183
451,442,578,290
451,447,316,244
451,448,499,218
452,446,574,234
452,388,571,247
452,438,494,183
452,442,573,289
452,447,318,244
452,448,499,219
453,446,568,233
453,388,566,246
453,438,494,183
453,442,568,288
453,447,319,243
453,448,499,218
454,446,559,229
454,388,557,242
454,438,494,183
454,447,323,242
454,448,501,219
455,446,555,228
455,388,553,241
455,438,494,184
455,447,326,241
455,448,502,220
456,446,552,228
456,388,550,240
456,449,552,228
456,447,328,241
456,448,502,221
457,446,547,225
457,388,544,237
457,450,547,225
457,451,547,225
457,448,504,222
458,446,544,222
458,388,541,235
458,452,544,222
458,453,544,222
458,448,505,222
459,454,540,220
459,388,537,233
459,455,540,220
459,453,540,220
459,448,506,223
460,454,537,219
460,388,534,233
460,456,537,219
460,457,537,219
460,448,509,224
461,458,541,219
461,388,525,230
461,456,541,219
461,459,541,219
461,448,513,223
462,460,543,221
462,388,522,231
462,456,543,221
462,461,543,221
462,448,513,223
463,462,546,226
463,388,513,227
463,456,546,226
463,463,546,226
463,448,506,223
464,464,546,225
464,388,509,226
464,456,546,225
464,465,546,225
464,448,503,223
465,464,547,225
465,388,506,225
465,466,547,225
465,467,547,225
465,448,500,222
465,468,738,377
466,469,551,230
466,388,493,219
466,466,551,230
466,470,551,230
466,448,498,221
466,468,724,372
467,469,554,232
467,388,489,218
467,471,554,232
467,472,554,232
467,448,495,220
467,468,718,370
468,469,556,231
468,388,484,218
468,473,556,231
468,474,556,231
468,448,490,219
468,468,713,367
469,469,560,233
469,388,479,217
469,475,560,233
469,476,560,233
469,448,474,217
469,468,703,360
470,477,562,236
470,388,475,215
470,475,562,236
470,478,562,236
470,448,470,215
470,468,700,357
471,477,563,237
471,388,470,213
471,479,563,237
471,480,563,237
471,448,466,213
471,468,694,355
471,481,470,258
472,482,564,237
472,388,466,212
472,479,564,237
472,448,462,212
472,468,688,354
472,481,465,256
473,482,569,240
473,388,460,210
473,483,569,240
473,448,458,211
473,468,678,350
473,481,459,254
473,484,412,252
474,485,572,242
474,388,457,209
474,483,572,242
474,448,456,210
474,468,673,350
474,481,457,253
474,484,413,252
475,485,575,242
475,388,455,207
475,486,575,242
475,448,454,209
475,468,667,347
476,487,577,242
476,388,453,207
476,486,577,242
476,448,453,209
476,468,662,345
477,488,579,243
477,388,451,207
477,486,579,243
477,448,452,209
477,468,656,343
478,488,584,248
478,489,584,248
478,490,584,248
478,448,451,209
478,468,646,338
479,488,586,248
479,491,586,248
479,468,641,336
480,492,589,248
480,491,589,248
480,468,638,334
481,492,596,252
481,493,596,252
481,468,632,334
481,494,480,279
481,495,626,327
482,492,600,253
482,496,600,253
482,494,484,279
482,495,624,325
483,497,604,253
483,496,604,253
483,494,488,280
483,495,623,324
484,497,610,255
484,498,610,255
484,494,495,283
484,495,621,323
484,499,421,243
485,500,613,256
485,498,613,256
485,494,499,285
485,495,619,322
485,499,418,243
486,501,614,258
486,498,614,258
486,494,504,286
486,495,618,323
486,499,414,242
487,502,615,258
487,498,615,258
487,494,508,287
487,495,617,323
487,499,410,241
488,503,619,259
488,498,619,259
488,494,514,291
488,495,617,322
488,499,404,240
489,504,621,260
489,498,621,260
489,494,518,293
489,495,616,321
489,499,402,239
490,504,625,262
490,505,625,262
490,494,524,296
490,495,615,319
490,499,396,238
490,506,374,230
491,504,626,262
491,507,626,262
491,494,528,297
491,499,394,237
491,506,371,229
492,508,626,262
492,507,626,262
492,494,532,298
492,499,390,235
492,506,368,228
493,508,626,262
493,509,626,262
493,494,535,299
493,499,385,234
493,506,365,226
493,510,587,306
494,511,625,262
494,509,625,262
494,494,544,302
494,499,377,232
494,506,357,225
494,510,584,301
495,512,625,262
495,509,625,262
495,494,547,302
495,499,372,231
495,506,352,223
495,510,584,301
496,513,624,261
496,509,624,261
496,494,551,303
496,499,367,231
496,506,347,222
496,510,583,301
497,514,623,261
497,509,623,261
497,494,559,308
497,499,360,231
497,506,340,221
497,510,584,302
498,514,621,262
498,515,621,262
498,494,563,309
498,506,336,221
498,510,585,302
499,516,619,263
499,515,619,263
499,494,571,311
499,506,328,220
499,510,587,303
500,517,575,314
500,494,575,314
500,506,324,219
500,510,588,304
501,518,579,316
501,494,579,316
501,506,320,218
501,510,589,304
502,519,580,316
502,494,580,316
502,506,317,217
502,510,590,304
503,519,581,313
503,520,581,313
503,506,312,217
503,510,590,302
503,521,624,315
504,519,578,308
504,522,578,308
504,506,302,215
504,521,626,315
505,519,577,306
505,523,577,306
505,506,298,214
505,524,577,306
506,525,575,305
506,523,575,305
506,506,294,214
506,526,575,305
507,527,571,303
507,523,571,303
507,506,289,213
507,528,571,303
508,529,569,302
508,523,569,302
508,506,286,212
508,530,569,302
509,531,568,300
509,532,568,300
509,506,283,211
509,530,568,300
509,533,646,357
510,534,560,297
510,535,560,297
510,506,278,209
510,530,560,297
510,533,647,357
510,536,662,361
511,534,556,295
511,537,556,295
511,506,274,208
511,538,556,295
511,533,649,358
511,536,667,360
512,534,554,295
512,539,554,295
512,506,270,207
512,540,554,295
512,536,679,366
513,534,550,293
513,541,550,293
513,506,266,207
513,542,550,293
513,536,684,367
514,543,545,292
514,541,545,292
514,506,261,206
514,544,545,292
514,536,691,369
515,543,537,289
515,545,537,289
515,506,255,205
515,546,537,289
515,536,705,373
516,543,535,287
516,547,535,287
516,506,253,205
516,548,535,287
516,536,710,375
517,549,530,284
517,547,530,284
517,506,247,204
517,550,530,284
517,536,724,378
518,549,527,281
518,551,527,281
518,506,244,203
518,552,527,281
518,536,730,379
519,549,523,280
519,553,523,280
519,506,242,202
519,554,523,280
519,536,736,379
520,555,517,278
520,556,517,278
520,506,237,201
520,554,517,278
520,536,744,390
520,557,636,320
521,558,514,277
521,556,514,277
521,506,234,200
521,559,514,277
521,536,754,389
521,557,637,319
522,560,512,275
522,556,512,275
522,506,231,199
522,561,512,275
522,536,761,392
522,557,637,318
523,562,508,274
523,556,508,274
523,506,227,198
523,563,508,274
523,536,766,391
523,557,637,317
524,562,502,272
524,564,502,272
524,506,221,197
524,565,502,272
524,536,766,392
524,557,636,316
525,566,500,270
525,564,500,270
525,506,218,197
525,567,500,270
525,536,766,391
525,557,636,315
526,566,499,268
526,568,499,268
526,506,216,197
526,569,499,268
526,536,766,390
526,557,635,315
527,566,497,265
527,570,497,265
527,506,214,196
527,571,497,265
527,536,765,390
527,557,646,315
528,572,492,263
528,570,492,263
528,506,209,193
528,573,492,263
528,536,764,390
528,557,646,315
529,572,488,261
529,574,488,261
529,506,207,192
529,575,488,261
529,536,763,390
529,557,645,315
530,572,485,258
530,576,485,258
530,506,205,191
530,577,485,258
530,536,763,389
530,557,645,315
531,578,480,257
531,576,480,257
531,506,198,191
531,579,480,257
531,536,762,388
531,557,645,316
532,580,479,256
532,581,479,256
532,506,194,190
532,579,479,256
532,536,762,387
532,557,644,316
532,582,380,511
533,580,477,254
533,583,477,254
533,506,192,189
533,536,761,387
533,557,644,316
533,582,366,509
534,584,474,252
534,583,474,252
534,506,190,189
534,536,760,386
534,557,644,316
534,582,352,504
535,585,471,250
535,583,471,250
535,506,188,189
535,536,759,386
535,557,644,316
535,582,340,498
536,586,469,248
536,583,469,248
536,506,184,188
536,536,759,386
536,557,644,317
536,582,330,485
537,587,468,247
537,583,468,247
537,506,181,187
537,536,759,386
537,557,644,316
537,582,322,483
538,588,466,246
538,583,466,246
538,506,180,186
538,536,758,386
538,557,645,317
538,582,315,481
539,589,462,241
539,583,462,241
539,506,175,186
539,536,757,386
539,557,648,318
539,582,297,476
540,590,460,240
540,583,460,240
540,506,172,186
540,536,756,385
540,557,648,319
540,582,288,475
541,591,457,239
541,583,457,239
541,506,168,185
541,536,755,384
541,557,648,320
541,582,282,473
542,591,455,238
542,592,455,238
542,506,165,184
542,536,754,383
542,557,647,321
542,582,275,472
542,593,627,228
543,594,453,237
543,592,453,237
543,506,162,183
543,536,753,382
543,557,647,322
543,582,267,471
543,593,626,225
544,595,451,236
544,592,451,236
544,506,160,182
544,536,753,382
544,557,646,323
544,582,259,468
544,593,624,223
545,596,449,235
545,592,449,235
545,506,155,181
545,536,753,382
545,557,643,323
545,582,243,464
545,593,621,221
546,597,448,235
546,592,448,235
546,506,151,180
546,536,752,382
546,557,642,324
546,582,236,462
546,593,620,220
547,598,447,234
547,592,447,234
547,506,149,178
547,536,752,382
547,557,641,325
547,582,229,461
547,593,619,219
548,599,446,234
548,592,446,234
548,506,146,177
548,536,750,382
548,557,641,326
548,582,222,460
548,593,618,218
549,600,445,233
549,592,445,233
549,506,140,177
549,536,750,382
549,557,641,328
549,582,215,458
549,593,617,214
550,601,444,232
550,592,444,232
550,506,136,177
550,536,750,382
550,557,642,329
550,582,212,458
550,593,616,213
551,602,132,176
551,506,132,176
551,536,749,381
551,557,642,329
551,582,210,456
551,593,615,212
552,602,128,175
552,603,128,175
552,557,643,329
552,582,209,453
552,593,613,211
553,604,125,174
553,603,125,174
553,557,643,329
553,582,209,451
553,593,611,210
554,605,119,174
554,603,119,174
554,557,644,329
554,582,206,451
554,593,606,206
555,605,115,174
555,606,115,174
555,557,644,328
555,582,204,452
555,593,605,205
555,607,241,452
556,605,111,174
556,608,111,174
556,609,111,174
556,582,203,450
556,593,604,204
556,607,238,454
557,605,104,173
557,610,104,173
557,611,104,173
557,582,199,445
557,593,603,202
557,607,232,453
558,605,101,173
558,612,101,173
558,613,101,173
558,582,198,444
558,593,603,201
558,607,229,452
559,605,097,173
559,614,097,173
559,615,097,173
559,582,197,443
559,593,603,200
559,607,227,454
560,605,093,174
560,616,093,174
560,617,093,174
560,582,197,442
560,593,599,191
560,607,224,453
561,605,089,174
561,618,089,174
561,619,089,174
561,582,197,441
561,593,599,190
561,607,221,453
562,605,085,173
562,620,085,173
562,621,085,173
562,582,197,440
562,593,599,190
562,607,219,453
562,622,398,195
562,623,656,357
563,605,078,172
563,624,078,172
563,582,197,437
563,593,599,189
563,622,386,195
563,623,656,356
564,625,074,172
564,624,074,172
564,582,196,438
564,593,599,188
564,622,384,195
564,623,656,357
565,626,070,172
565,624,070,172
565,582,195,438
565,593,599,188
565,622,382,195
565,623,655,356
566,627,062,172
566,624,062,172
566,582,195,443
566,593,598,188
566,622,376,194
566,623,656,357
567,628,057,171
567,624,057,171
567,582,195,445
567,593,597,188
567,622,373,194
567,623,656,356
568,629,053,172
568,624,053,172
568,582,194,445
568,593,596,188
568,622,370,193
568,623,655,357
569,630,046,173
569,624,046,173
569,582,193,446
569,593,592,186
569,622,364,191
569,623,655,356
570,631,042,173
570,624,042,173
570,582,192,446
570,593,591,186
570,622,360,189
570,623,655,356
571,632,035,172
571,624,035,172
571,582,186,444
571,593,587,186
571,622,354,189
571,623,656,357
572,633,033,172
572,624,033,172
572,582,184,444
572,593,586,186
572,622,350,188
572,623,656,356
573,633,031,172
573,634,031,172
573,582,182,443
573,593,585,186
573,622,346,186
573,623,656,355
573,635,201,498
574,633,023,171
574,636,023,171
574,582,178,444
574,593,586,186
574,622,339,185
574,623,656,354
574,635,199,499
574,637,740,293
575,638,020,171
575,636,020,171
575,582,176,445
575,593,587,186
575,622,336,185
575,623,656,354
575,635,198,499
575,637,736,292
576,639,016,170
576,636,016,170
576,582,175,447
576,593,588,184
576,622,331,184
576,623,655,354
576,635,198,498
576,637,733,290
577,640,011,170
577,636,011,170
577,582,177,452
577,593,589,184
577,622,320,184
577,623,654,354
577,635,200,499
577,637,723,287
578,641,009,170
578,636,009,170
578,582,180,454
578,593,589,184
578,622,317,183
578,623,654,354
578,635,202,503
578,637,718,285
579,641,007,170
579,642,007,170
579,582,184,454
579,593,588,184
579,622,313,182
579,623,654,355
579,635,204,504
579,637,713,283
579,643,232,412
580,641,007,170
580,582,188,453
580,593,589,184
580,622,310,181
580,623,654,355
580,635,206,503
580,637,709,282
580,643,246,411
581,641,008,170
581,582,200,455
581,593,592,184
581,622,301,181
581,623,653,355
581,635,215,502
581,637,702,279
581,643,258,410
581,644,598,211
582,641,009,170
582,582,206,454
582,622,295,180
582,623,653,356
582,635,222,502
582,637,697,278
582,643,264,408
582,644,599,211
583,582,213,451
583,622,290,180
583,623,652,356
583,635,230,500
583,637,692,277
583,643,269,402
583,644,601,211
584,582,227,447
584,622,283,180
584,623,651,356
584,635,243,497
584,637,684,276
584,643,281,401
584,644,607,213
585,582,234,447
585,622,279,180
585,623,651,356
585,635,249,495
585,637,679,276
585,643,289,400
585,644,610,213
585,645,252,522
586,582,240,447
586,622,274,180
586,623,650,355
586,637,674,275
586,643,297,398
586,644,613,214
586,645,252,522
587,582,253,450
587,622,264,178
587,623,650,355
587,637,666,273
587,643,312,391
587,644,618,217
587,645,261,522
588,582,259,450
588,622,260,177
588,623,649,355
588,637,663,272
588,643,318,390
588,644,620,217
588,645,267,522
589,582,264,451
589,622,256,176
589,623,648,354
589,637,651,266
589,643,325,388
589,644,624,217
589,645,272,523
590,582,268,452
590,622,247,176
590,623,655,357
590,637,645,264
590,643,342,386
590,644,630,218
590,645,278,521
591,582,269,452
591,622,242,176
591,623,654,356
591,637,643,265
591,643,348,385
591,644,632,220
591,645,279,520
592,582,269,452
592,622,237,175
592,623,653,357
592,637,643,265
592,643,353,384
592,644,636,219
592,645,279,519
593,582,270,452
593,622,231,174
593,623,652,355
593,637,640,264
593,643,369,384
593,644,644,218
593,645,279,518
593,646,398,378
594,582,270,452
594,622,227,173
594,623,651,354
594,637,639,264
594,647,270,452
594,644,646,219
594,645,278,517
594,646,408,381
595,648,223,172
595,622,223,172
595,623,657,358
595,644,648,222
595,645,278,516
595,646,416,380
596,649,218,172
596,622,218,172
596,623,656,358
596,644,651,224
596,645,279,515
596,646,423,377
597,650,215,172
597,622,215,172
597,623,656,357
597,644,654,224
597,645,280,514
597,646,429,376
598,651,209,171
598,622,209,171
598,623,655,356
598,644,659,225
598,645,284,513
598,646,445,376
599,652,206,171
599,622,206,171
599,623,655,357
599,644,662,226
599,645,286,512
599,646,451,374
600,653,203,171
600,622,203,171
600,623,655,357
600,644,665,226
600,645,290,512
600,646,455,374
601,653,196,170
601,654,196,170
601,623,655,356
601,644,672,226
601,645,301,510
601,646,461,373
601,655,581,245
602,656,193,169
602,654,193,169
602,623,654,356
602,644,675,227
602,645,305,509
602,646,466,372
602,655,578,244
603,656,189,168
603,623,654,356
603,644,678,227
603,645,307,508
603,646,481,361
603,655,573,244
604,656,182,167
604,623,653,355
604,644,679,226
604,645,311,506
604,646,495,358
604,655,563,242
604,657,705,260
605,656,178,167
605,623,653,358
605,644,680,225
605,645,315,505
605,646,500,357
605,655,558,241
605,657,706,260
606,656,172,165
606,623,652,356
606,645,328,505
606,646,512,356
606,655,550,238
606,657,709,262
607,656,169,164
607,623,651,355
607,645,336,505
607,646,518,356
607,655,546,237
607,657,711,264
608,656,166,164
608,623,651,355
608,645,342,505
608,646,523,354
608,655,542,236
608,657,714,264
609,656,161,163
609,623,654,357
609,645,350,505
609,646,529,351
609,655,535,235
609,657,718,265
610,656,158,162
610,623,654,356
610,645,351,505
610,646,533,351
610,655,531,234
610,657,720,265
611,656,155,161
611,623,655,356
611,645,354,504
611,646,539,349
611,655,526,229
611,657,722,265
612,656,153,159
612,623,654,356
612,645,356,502
612,646,545,347
612,655,521,227
612,657,725,267
612,658,567,348
613,656,148,159
613,623,653,355
613,645,357,501
613,655,513,225
613,657,730,271
613,658,577,339
614,656,145,158
614,623,653,355
614,645,357,500
614,655,509,223
614,657,730,271
614,658,581,338
614,659,745,285
615,656,143,158
615,623,652,354
615,645,357,500
615,655,505,222
615,657,731,270
615,658,585,336
615,659,747,285
616,656,138,157
616,623,650,354
616,645,357,499
616,655,498,220
616,657,736,274
616,658,589,333
616,659,753,288
616,660,049,209
616,661,390,483
617,656,136,157
617,623,649,354
617,645,357,498
617,655,494,218
617,657,737,273
617,658,590,331
617,659,756,289
617,660,053,209
617,661,391,482
618,656,132,156
618,623,645,353
618,645,357,497
618,655,488,217
618,657,737,272
618,658,591,328
618,659,758,291
618,660,058,208
618,661,394,482
619,656,130,156
619,623,641,352
619,655,483,216
619,658,591,324
619,659,758,291
619,660,059,206
619,661,394,481
620,656,127,155
620,623,638,349
620,655,479,215
620,658,591,320
620,659,757,291
620,660,062,205
620,661,395,480
621,656,125,155
621,623,635,347
621,655,473,213
621,658,592,317
621,659,757,291
621,660,066,205
621,661,394,480
622,656,122,154
622,623,628,345
622,655,467,211
622,658,596,315
622,659,756,291
622,660,072,203
622,661,392,477
623,656,121,154
623,623,624,342
623,655,463,210
623,658,596,313
623,659,756,291
623,660,076,202
623,661,390,475
624,656,120,154
624,623,620,340
624,655,460,209
624,658,597,309
624,659,755,290
624,660,080,202
624,661,386,473
624,662,098,201
625,656,119,154
625,623,617,338
625,655,457,208
625,658,596,307
625,659,755,290
625,660,084,201
625,661,383,471
625,662,102,201
626,656,119,153
626,623,612,335
626,655,452,206
626,658,596,305
626,659,754,289
626,660,093,200
626,661,379,468
626,662,108,200
627,656,119,153
627,623,611,332
627,655,451,205
627,658,594,304
627,659,754,288
627,660,097,199
627,661,377,468
627,662,109,199
628,656,119,152
628,623,609,328
628,655,449,204
628,658,591,301
628,659,754,287
628,660,100,198
628,661,376,467
628,662,110,198
628,663,622,294
629,656,119,151
629,664,119,151
629,655,447,203
629,659,754,286
629,660,107,197
629,661,375,465
629,662,114,197
629,663,629,288
630,665,119,150
630,664,119,150
630,655,446,203
630,659,754,285
630,660,110,196
630,661,373,463
630,662,116,195
630,663,632,287
631,665,118,150
631,666,118,150
631,659,753,284
631,660,112,195
631,661,371,461
631,662,118,194
631,663,637,283
632,665,118,150
632,667,118,150
632,659,753,283
632,660,112,194
632,661,369,459
632,662,118,193
632,663,639,278
632,668,569,316
633,669,118,150
633,667,118,150
633,659,753,283
633,660,112,193
633,661,367,458
633,662,119,193
633,663,641,275
633,668,565,316
634,669,118,150
634,670,118,150
634,659,753,282
634,660,112,193
634,661,366,457
634,662,119,193
634,663,643,274
634,668,560,314
634,671,138,191
635,672,118,150
635,670,118,150
635,659,753,281
635,660,112,192
635,661,363,456
635,662,118,193
635,663,645,273
635,668,555,312
635,671,139,191
636,673,118,149
636,670,118,149
636,659,753,280
636,660,112,191
636,661,359,455
636,662,117,193
636,663,647,272
636,668,552,309
636,671,140,190
637,674,117,149
637,670,117,149
637,659,752,279
637,660,112,191
637,661,355,452
637,662,117,193
637,663,653,265
637,668,544,308
637,671,142,190
638,674,117,149
638,675,117,149
638,659,752,278
638,660,112,191
638,661,355,452
638,662,117,193
638,663,654,263
638,668,540,306
638,671,143,190
638,676,398,197
639,674,118,149
639,677,118,149
639,659,752,277
639,661,355,451
639,663,655,262
639,668,535,303
639,676,395,197
640,678,119,149
640,677,119,149
640,659,752,277
640,661,355,450
640,663,655,262
640,668,530,301
640,676,391,196
641,679,121,147
641,677,121,147
641,659,752,276
641,661,355,449
641,663,655,256
641,668,523,299
641,676,385,196
642,680,121,146
642,677,121,146
642,659,751,275
642,661,356,449
642,663,655,254
642,668,519,297
642,676,381,196
643,681,123,146
643,677,123,146
643,659,751,274
643,661,356,448
643,663,655,252
643,668,515,294
643,676,377,195
644,682,124,146
644,677,124,146
644,659,751,273
644,661,356,447
644,663,655,250
644,668,512,293
644,676,373,195
645,683,126,146
645,677,126,146
645,659,751,272
645,661,356,446
645,663,655,249
645,668,510,292
645,676,369,195
646,684,128,146
646,677,128,146
646,659,751,271
646,661,356,445
646,663,655,246
646,668,507,290
646,676,365,195
647,685,130,145
647,677,130,145
647,659,751,270
647,661,356,444
647,663,655,242
647,668,502,289
647,676,360,194
648,686,133,144
648,677,133,144
648,659,750,269
648,661,354,442
648,663,654,239
648,668,496,285
648,676,352,194
649,687,135,143
649,677,135,143
649,659,750,268
649,661,353,441
649,663,653,238
649,668,494,284
649,676,349,194
650,688,138,143
650,677,138,143
650,659,750,267
650,661,351,439
650,663,651,237
650,668,492,283
650,676,344,194
651,688,140,143
651,689,140,143
651,659,750,266
651,661,350,437
651,663,649,232
651,668,490,281
651,676,340,193
651,690,211,182
652,691,142,143
652,689,142,143
652,659,750,265
652,661,347,434
652,663,646,227
652,668,488,278
652,676,330,193
652,690,218,181
653,692,144,143
653,689,144,143
653,659,750,264
653,661,346,433
653,663,645,226
653,668,487,277
653,676,325,193
653,690,223,181
654,693,143,142
654,689,143,142
654,659,750,263
654,661,345,432
654,663,644,225
654,668,486,276
654,676,321,193
654,690,229,180
655,694,750,262
655,659,750,262
655,661,344,432
655,663,643,224
655,668,485,274
655,676,318,193
655,690,234,179
656,695,750,261
656,659,750,261
656,661,342,431
656,663,642,222
656,668,484,271
656,676,314,192
656,690,238,179
657,696,750,260
657,659,750,260
657,661,341,429
657,663,640,220
657,668,483,270
657,676,310,191
657,690,242,178
658,696,749,259
658,697,749,259
658,661,337,428
658,663,638,219
658,668,482,268
658,676,305,190
658,690,247,177
658,698,171,181
659,699,748,258
659,697,748,258
659,661,335,428
659,663,636,217
659,668,481,266
659,676,302,189
659,690,252,176
659,698,173,179
660,700,748,258
660,697,748,258
660,661,325,429
660,663,630,216
660,668,481,263
660,676,297,189
660,690,257,175
660,698,177,179
661,701,320,427
661,661,320,427
661,663,626,214
661,668,481,262
661,676,296,188
661,690,260,175
661,698,180,179
662,702,315,426
662,661,315,426
662,663,621,212
662,668,480,261
662,676,295,188
662,690,260,175
662,698,183,179
663,703,312,425
663,661,312,425
663,663,619,210
663,668,479,260
663,676,295,188
663,690,259,175
663,698,186,179
664,703,305,423
664,704,305,423
664,663,620,212
664,668,478,257
664,676,302,187
664,690,256,175
664,698,189,179
664,705,612,209
664,706,203,188
665,703,303,423
665,707,303,423
665,663,617,211
665,668,477,256
665,676,303,186
665,698,190,179
665,706,205,189
666,708,296,417
666,707,296,417
666,663,610,208
666,668,477,255
666,676,310,185
666,698,194,179
666,706,211,189
667,708,277,412
667,707,294,416
667,663,607,207
667,668,476,254
667,676,312,184
667,698,197,179
667,706,213,188
667,709,627,330
668,708,273,411
668,663,604,206
668,668,476,252
668,676,314,184
668,698,199,178
668,706,216,187
668,709,619,326
669,708,269,409
669,663,601,206
669,668,476,251
669,676,317,183
669,698,201,178
669,706,217,187
669,709,610,324
670,708,260,410
670,663,592,205
670,668,476,250
670,676,322,182
670,710,476,250
670,706,224,188
671,708,253,409
671,663,587,203
671,711,476,249
671,676,325,181
671,710,476,249
671,706,226,188
672,708,245,407
672,663,582,202
672,712,475,248
672,676,328,180
672,710,475,248
672,706,227,187
673,708,238,404
673,663,578,201
673,713,475,247
673,676,332,179
673,710,475,247
673,706,229,187
674,708,229,400
674,663,571,200
674,714,338,179
674,676,338,179
674,715,338,179
674,706,221,187
674,716,246,194
675,708,224,400
675,663,567,200
675,714,342,177
675,717,342,177
675,718,342,177
675,706,217,186
675,716,247,194
676,708,219,400
676,663,563,199
676,719,346,176
676,720,346,176
676,718,346,176
676,706,212,185
676,716,250,194
677,708,213,398
677,663,559,198
677,721,350,175
677,722,350,175
677,718,350,175
677,706,207,184
677,716,253,193
678,708,202,395
678,663,551,198
678,721,357,174
678,723,357,174
678,724,357,174
678,706,199,184
678,716,260,193
679,708,196,393
679,663,545,197
679,721,361,174
679,725,361,174
679,726,361,174
679,706,194,183
679,716,263,193
680,708,189,391
680,663,538,197
680,721,364,173
680,727,364,173
680,728,364,173
680,706,191,182
680,716,267,193
681,708,179,389
681,663,530,196
681,729,187,181
681,730,187,181
681,706,187,181
681,716,274,192
682,708,173,388
682,663,527,195
682,731,184,181
682,732,184,181
682,706,184,181
682,716,277,191
682,733,507,196
683,708,166,385
683,663,523,193
683,731,182,181
683,734,182,181
683,716,281,190
683,733,507,195
684,708,154,378
684,663,527,191
684,735,177,182
684,734,177,182
684,716,290,189
684,733,511,193
685,708,151,377
685,663,529,190
685,736,174,181
685,734,174,181
685,716,294,188
685,733,512,192
686,708,149,376
686,663,530,190
686,737,171,181
686,734,171,181
686,716,296,187
686,733,512,192
687,708,148,376
687,663,532,189
687,737,168,181
687,738,168,181
687,716,297,187
687,733,513,192
687,739,418,285
687,740,316,199
688,708,147,372
688,663,537,188
688,737,164,181
688,741,164,181
688,716,297,186
688,739,404,282
688,740,322,199
689,708,145,367
689,663,540,187
689,737,163,181
689,742,163,181
689,716,297,185
689,739,397,281
689,740,325,198
689,743,473,187
690,708,145,365
690,663,541,186
690,737,163,181
690,744,163,181
690,740,327,198
690,743,468,186
691,708,143,362
691,663,544,183
691,745,165,181
691,744,165,181
691,740,331,198
691,743,460,184
692,708,142,361
692,663,545,182
692,746,166,181
692,744,166,181
692,740,334,197
692,743,458,184
693,708,140,358
693,663,546,181
693,747,168,181
693,744,168,181
693,740,336,197
693,743,455,183
694,708,138,355
694,663,546,180
694,747,170,181
694,748,170,181
694,740,338,196
694,743,453,182
694,749,345,262
695,708,135,352
695,663,543,189
695,750,172,182
695,748,172,182
695,740,340,195
695,743,452,180
695,749,340,261
696,708,134,351
696,663,542,189
696,750,174,182
696,751,174,182
696,740,340,195
696,743,451,179
696,749,333,261
696,752,735,267
697,708,133,350
697,663,540,189
697,753,176,182
697,751,176,182
697,740,340,195
697,743,451,179
697,749,325,258
697,752,731,266
698,708,131,345
698,663,536,190
698,754,180,181
698,751,180,181
698,740,344,195
698,743,451,179
698,749,313,256
698,752,721,262
699,708,130,342
699,663,534,190
699,755,181,181
699,751,181,181
699,740,346,195
699,743,451,179
699,749,307,255
699,752,716,261
700,708,128,341
700,663,533,190
700,756,183,181
700,751,183,181
700,740,347,194
700,743,450,178
700,749,301,254
700,752,711,260
701,708,126,340
701,663,532,190
701,756,185,180
701,757,185,180
701,740,347,193
701,749,296,252
701,752,705,259
702,708,120,336
702,663,530,191
702,756,187,181
702,758,187,181
702,749,283,251
702,752,699,254
703,708,117,333
703,663,529,191
703,759,188,181
703,758,188,181
703,749,277,249
703,752,694,253
703,760,381,207
704,708,114,331
704,663,528,191
704,761,188,180
704,758,188,180
704,749,273,247
704,752,689,252
704,760,385,207
705,708,108,329
705,663,525,191
705,762,108,329
705,749,258,244
705,752,678,251
705,760,385,204
706,708,107,328
706,663,523,191
706,763,107,328
706,749,253,243
706,752,672,249
706,760,382,204
706,764,217,203
707,765,104,326
707,663,522,191
707,763,104,326
707,749,246,241
707,752,667,248
707,760,378,204
707,764,219,203
708,766,102,322
708,663,521,189
708,763,102,322
708,749,243,241
708,752,662,247
708,760,374,204
708,764,219,203
709,766,096,321
709,663,521,189
709,767,096,321
709,749,234,239
709,752,651,246
709,760,365,204
709,764,223,202
709,768,403,217
710,766,093,320
710,769,093,320
710,749,232,237
710,752,644,245
710,760,360,204
710,764,221,201
710,768,403,217
711,766,088,317
711,770,088,317
711,749,229,237
711,752,638,244
711,760,356,203
711,764,217,201
711,768,404,217
711,771,509,208
712,766,081,313
712,772,081,313
712,752,629,242
712,760,350,203
712,764,207,200
712,768,404,216
712,771,504,206
713,773,080,312
713,772,080,312
713,752,624,241
713,760,345,203
713,764,202,198
713,768,404,216
713,771,501,206
714,773,079,312
714,774,079,312
714,752,619,240
714,760,341,203
714,764,197,198
714,771,498,206
715,773,078,311
715,775,078,311
715,752,614,239
715,760,336,203
715,764,191,197
715,771,496,207
715,776,245,211
716,777,076,305
716,775,076,305
716,752,605,236
716,760,330,204
716,764,181,194
716,771,494,208
716,776,251,212
717,778,075,303
717,775,075,303
717,752,601,235
717,760,327,204
717,764,176,194
717,771,494,208
717,776,253,212
718,778,075,302
718,779,075,302
718,752,597,235
718,760,323,204
718,764,171,194
718,771,495,208
718,776,254,212
718,780,449,229
719,778,075,300
719,752,587,233
719,760,318,204
719,764,159,191
719,771,501,208
719,776,259,212
719,780,463,237
720,778,075,298
720,752,582,232
720,760,316,204
720,764,155,191
720,771,503,208
720,776,262,212
720,780,464,237
721,778,076,296
721,752,578,231
721,760,314,204
721,764,150,191
721,776,265,212
721,780,465,237
722,778,078,295
722,752,571,230
722,760,309,205
722,764,139,189
722,776,272,212
722,780,466,237
722,781,511,226
722,782,489,243
723,778,080,294
723,752,567,229
723,760,306,204
723,764,133,189
723,776,274,212
723,781,515,225
723,782,491,242
724,778,084,293
724,752,563,228
724,760,303,204
724,764,128,189
724,776,276,212
724,781,518,225
724,782,495,242
725,778,088,290
725,752,556,225
725,760,302,205
725,764,118,186
725,776,281,211
725,782,502,243
726,778,089,289
726,752,553,225
726,760,302,206
726,764,113,186
726,776,282,210
726,782,506,243
727,778,090,289
727,752,549,224
727,760,303,207
727,764,108,186
727,776,282,210
727,782,510,243
728,778,092,288
728,752,551,223
728,760,303,207
728,764,102,185
728,776,281,210
728,782,513,242
729,778,094,286
729,752,555,222
729,760,303,208
729,764,097,183
729,776,280,210
729,782,515,241
730,778,097,283
730,752,563,219
730,760,301,208
730,764,087,183
730,776,278,210
730,782,513,237
731,778,098,282
731,752,566,218
731,760,300,210
731,764,083,182
731,776,278,210
731,782,507,236
731,783,317,233
731,784,538,255
732,778,100,282
732,752,569,217
732,760,299,210
732,764,078,180
732,776,278,210
732,782,503,235
732,783,318,234
732,784,539,256
733,778,103,281
733,752,573,217
733,760,298,211
733,764,073,179
733,776,278,210
733,782,498,234
733,783,319,234
733,784,538,256
734,778,106,280
734,752,576,216
734,760,297,211
734,764,068,179
734,776,277,210
734,782,492,234
734,783,320,234
734,784,536,256
734,785,554,258
735,778,107,279
735,752,577,215
735,760,296,211
735,764,062,178
735,776,277,210
735,782,486,232
735,783,321,234
735,785,558,257
736,778,107,278
736,752,579,214
736,760,295,211
736,764,057,177
736,776,277,210
736,782,481,230
736,783,321,234
736,785,562,257
736,786,338,236
736,787,125,268
737,778,109,278
737,752,581,213
737,760,294,212
737,764,053,176
737,776,276,210
737,782,477,229
737,783,321,235
737,785,567,256
737,786,341,236
737,787,126,266
738,778,111,278
738,752,583,213
738,760,293,212
738,764,049,176
738,776,275,210
738,782,473,229
738,783,321,236
738,785,571,256
738,786,343,236
738,787,127,265
739,778,116,277
739,752,591,213
739,760,291,212
739,764,041,174
739,776,273,210
739,782,462,229
739,785,578,255
739,786,348,238
739,787,131,262
740,778,118,275
740,752,593,213
740,760,290,212
740,764,038,173
740,776,271,210
740,782,457,227
740,785,579,254
740,786,349,238
740,787,133,260
741,778,123,275
741,752,592,213
741,760,288,214
741,764,035,173
741,776,269,210
741,782,454,226
741,785,581,254
741,786,351,238
741,787,134,259
742,752,588,212
742,760,284,216
742,764,032,173
742,776,267,210
742,782,451,226
742,785,584,255
742,786,355,238
742,787,138,258
743,788,277,216
743,760,277,216
743,764,030,173
743,776,260,210
743,782,448,225
743,785,579,254
743,786,362,240
743,787,146,256
743,789,610,265
744,790,275,216
744,760,275,216
744,764,026,173
744,776,257,210
744,782,445,225
744,785,577,254
744,786,367,240
744,787,151,255
744,789,615,265
745,790,273,218
745,791,273,218
745,764,022,173
745,776,256,210
745,782,444,225
745,786,371,240
745,787,155,254
745,789,618,264
746,792,268,222
746,791,268,222
746,764,014,172
746,776,252,211
746,782,443,224
746,786,380,240
746,787,161,253
746,789,628,264
747,793,267,222
747,791,267,222
747,764,012,172
747,776,251,211
747,782,443,224
747,786,384,241
747,787,165,252
747,789,634,264
748,793,266,222
748,794,266,222
748,776,250,210
748,782,442,224
748,786,388,242
748,787,169,250
748,789,638,265
749,793,263,224
749,795,263,224
749,776,248,211
749,786,398,241
749,787,174,247
749,789,644,264
750,796,261,225
750,795,261,225
750,776,247,211
750,786,394,241
750,787,175,247
750,789,646,263
751,797,258,225
751,795,258,225
751,776,245,211
751,786,393,241
751,787,177,246
751,789,649,262
752,798,255,225
752,795,255,225
752,776,244,211
752,786,389,241
752,787,180,245
752,789,652,261
753,799,253,225
753,795,253,225
753,776,243,211
753,786,378,241
753,787,180,244
753,789,659,258
754,799,252,226
754,800,252,226
754,776,243,211
754,786,372,240
754,801,252,226
754,789,660,256
754,802,667,264
755,799,254,229
755,803,254,229
755,776,245,212
755,786,367,239
755,804,254,229
755,802,669,263
756,805,255,229
756,806,255,229
756,776,246,211
756,786,362,238
756,804,255,229
756,802,669,262
757,807,255,229
757,808,255,229
757,776,247,210
757,786,357,237
757,804,255,229
757,802,669,261
757,809,347,213
758,810,255,229
758,811,255,229
758,776,247,209
758,786,351,236
758,804,255,229
758,802,669,259
758,809,343,212
758,812,454,262
759,813,256,232
759,814,256,232
759,776,250,210
759,786,343,236
759,804,256,232
759,802,668,257
759,809,334,212
759,812,457,261
760,815,257,232
760,816,257,232
760,776,252,209
760,786,340,235
760,804,257,232
760,802,667,256
760,809,329,211
760,812,457,259
760,817,255,279
761,815,259,231
761,818,259,231
761,786,336,234
761,802,666,255
761,809,325,211
761,812,458,259
761,817,258,278
762,819,262,231
762,818,262,231
762,786,331,233
762,802,664,255
762,809,320,211
762,812,460,258
762,817,260,278
763,819,265,229
763,820,265,229
763,786,325,231
763,802,662,254
763,809,317,209
763,812,461,257
763,817,263,278
763,821,465,203
764,822,267,229
764,820,267,229
764,786,321,231
764,802,660,253
764,809,314,208
764,812,462,256
764,817,265,279
764,821,462,203
765,823,270,230
765,820,270,230
765,786,317,231
765,802,658,252
765,809,312,208
765,812,459,256
765,817,268,280
765,821,458,203
766,824,277,229
766,820,277,229
766,786,310,232
766,802,653,252
766,809,305,209
766,812,455,257
766,817,276,282
766,821,456,202
767,824,280,228
767,825,280,228
767,802,650,251
767,809,302,208
767,812,454,256
767,817,281,282
767,821,454,202
768,826,281,228
768,825,281,228
768,802,647,251
768,809,300,208
768,812,453,256
768,817,285,283
768,821,453,202
769,826,282,228
769,827,282,228
769,802,639,250
769,809,298,207
769,812,452,256
769,817,291,284
770,826,282,228
770,828,282,228
770,802,635,249
770,809,297,206
770,817,294,283
771,826,282,228
771,829,282,228
771,802,632,248
771,809,296,206
771,817,297,283
771,830,516,273
772,831,278,224
772,829,278,224
772,802,628,248
772,809,300,204
772,817,310,283
772,830,525,272
773,831,276,223
773,832,276,223
773,802,627,248
773,809,301,203
773,817,314,283
773,830,530,272
773,833,392,219
774,831,275,223
774,802,625,248
774,809,301,201
774,817,317,283
774,830,544,286
774,833,385,219
775,831,273,223
775,802,624,248
775,809,303,200
775,817,321,284
775,830,549,286
775,833,379,219
776,831,267,221
776,802,622,249
776,809,307,199
776,817,331,287
776,830,557,288
776,833,367,220
777,831,263,219
777,802,621,249
777,809,309,197
777,817,333,287
777,830,561,287
777,833,360,219
778,831,259,218
778,802,622,244
778,809,310,197
778,817,334,288
778,830,566,287
778,833,353,219
779,831,255,218
779,802,623,245
779,834,255,218
779,817,341,292
779,830,573,288
779,833,343,220
780,831,251,217
780,802,624,245
780,835,251,217
780,830,577,288
780,833,339,221
781,836,248,216
781,802,624,245
781,835,248,216
781,830,582,288
781,833,342,219
782,836,244,214
782,802,624,244
782,837,244,214
782,830,588,297
782,833,345,218
782,838,371,311
783,839,239,213
783,802,626,247
783,837,239,213
783,830,594,297
783,833,351,213
783,838,378,311
784,840,238,212
784,802,627,248
784,837,238,212
784,830,598,297
784,833,354,212
784,838,382,312
785,841,237,211
785,802,627,248
785,837,237,211
785,830,600,298
785,833,355,211
785,838,388,313
786,842,236,210
786,802,629,249
786,837,236,210
786,830,604,302
786,833,362,210
786,838,396,314
787,843,236,209
787,802,629,249
787,837,236,209
787,830,606,302
787,833,366,209
787,838,400,314
788,844,235,208
788,802,630,249
788,837,235,208
788,830,608,302
788,833,369,208
788,838,404,315
789,845,233,205
789,802,637,252
789,837,233,205
789,830,613,305
789,833,375,207
789,838,414,317
790,846,232,205
790,802,640,253
790,837,232,205
790,830,616,305
790,833,379,206
790,838,418,317
791,847,231,204
791,802,642,253
791,837,231,204
791,830,620,305
791,833,383,205
791,838,421,318
792,848,230,203
792,802,645,253
792,837,230,203
792,830,623,303
792,833,387,205
792,838,426,319
793,849,228,202
793,802,646,254
793,837,228,202
793,830,625,304
793,833,390,203
793,838,429,319
794,850,226,201
794,802,647,256
794,837,226,201
794,830,628,305
794,833,391,202
794,838,434,319
795,851,224,200
795,802,649,256
795,837,224,200
795,830,629,305
795,833,394,201
795,838,439,320
